0 5 15 36 38 45
1 10
2 29
3 21
4 20
5 31
6 40
7 5
8 22 27 35 38
9 39
10 8
11 36
12 16
13 22 42
14 41
15 31 39 48
16 25
17 25 43
18 30
19 1 8
20 2
21 5 12 29 33 41 43
22 25
23 3 41
24 21 34 37 39 48
25 12 14 16
26 6 13 17
27 23
28 4
29 42
30 9 10 27
31 20
32 10
33 25
34 25
35 25
36 22
37 1 12 42
38 16 22 37
39 2
40 9
41 9 13 15 23 27
42 12 42
43 7
44 5 25
45 2
46 5
47 1 3 7 46
48 25
49 18
50 19
51 46 49
52 11 25 43 46
53 43
54 35
55 11 26
56 3 6 8 15 25 32 33 36 43 46
57 6 9 10 12 15 23 37 47
58 15
59 40
60 9
61 46
62 11
63 10
64 10
65 15 37
66 12 33 43
67 5 40 49
68 3 5 7 8 42
69 2
70 25
71 35
72 17
73 5
74 3
75 9
76 15
77 5 43
78 15
79 29 33 43
80 22
81 8 13 23 37 39
82 37 44
83 37
84 9 26 33 46
85 10
86 1 15 36 43
87 46
88 15
89 6 13 15 36
90 15
91 6 13 15 23
92 12 42
93 5
94 10 45
95 9 16 40 42
96 5 36 40
97 2 19 30 41
98 7 19
99 47
100 15
101 4 16
102 6 8 13 18
103 2 30
104 6 28
105 36
106 40
107 1 21 37 46
108 9
109 15
110 33
111 3 7 11 15 37 38 43
112 5
113 5 23 37
114 7
115 12 27 41
116 2 45
117 33 43
118 42
119 12 13 17
120 1
121 2 7 37
122 18 40 45
123 42 43
124 29
125 8 23 33
126 26
127 23
128 8
129 25
130 30
131 22
132 15 22 28 37
133 25
134 5
135 30
136 1
137 34 48
138 39
139 5
140 33
141 36 40 43
142 3
143 41
144 18
145 1 5
146 33 37 43
147 23
148 7 25 33 43
149 20
150 25
151 12 42
152 26
153 20
154 27 39
155 25 33 43
156 25
157 6 15 37
158 23
159 5 29 33 41 42 43
160 7 32 33 43
161 9 12 20 27 41
162 5
163 3 8 12 15 27 34 36
164 5
165 1 36 40
166 33
167 23 25 43
168 1 34
169 33 37
170 38
171 15 39 45
172 40
173 3
174 36
175 12
176 19 45
177 29
178 26
179 25 33 38
180 9 20
181 25
182 20 25 32 33 43
183 26 40
184 25
185 32
186 34 39 40
187 33
188 25
189 4 16 36
190 9 24 34 37 44
191 34
192 5 40
193 18
194 38 40
195 20 35
196 32
197 36
198 3 9
199 12 37 41
200 23 25 37 42
201 40
202 27 41
203 12 25 32
204 38
205 16 19
206 42
207 10 12 20 23
208 42
209 20 25
210 12 18 20 27 41
211 5
212 38
213 30
214 43
215 22
216 36
217 25
218 5 27 34 40 49
219 5 40
220 20
221 5
222 3 19 21
223 25
224 34 47
225 20 34
226 5 30 37
227 26
228 43
229 25 33 43
230 25 33 43
231 25
232 25
233 43
234 25 33 43
235 26
236 2
237 39
238 25
239 33
240 5
241 33
242 25
243 45
244 21
245 5
246 12 20 30
247 43
248 40
249 23
250 25
251 36
252 8
253 25
254 38
255 47
256 22
257 28
258 5 39
259 9 25
260 23
261 33 43
262 1 5
263 22 47
264 7 39
265 34 46
266 14 23
267 5 34 37
268 43
269 25 33
270 22 25
271 2 15 27
272 18
273 10
274 34 40 47
275 26
276 33 43
277 25
278 25
279 26
280 25
281 25
282 33
283 13 31 40
284 36 43
285 3 7 38
286 25 32
287 25
288 7
289 31
290 29
291 25
292 25
293 25 43
294 25
295 25
296 25
297 25
298 25
299 22
300 12 42
301 12 42
302 42
303 12 13 17 22
304 2
305 2
306 7 9 29
307 12 20 42
308 19 30
309 47
310 22 27 35 40 41 42
311 27
312 47
313 12 20 42
314 9
315 8 26
316 35
317 27 34
318 29
319 29
320 9 25 26 33
321 5
322 29
323 26 33 43
324 40
325 12
326 20 22 25 32
327 6 39 42
328 25 45
329 40
330 2
331 5 37
332 11
333 5
334 31
335 31
336 20
337 31
338 5 45
339 31
340 21
341 5
342 35
343 45
344 32
345 20 23
346 12 27
347 40
348 27
349 5
350 40
351 5 40
352 8
353 35 42
354 5
355 13 28
356 42 48
357 22 38 42
358 35
359 3 47
360 9 22 33
361 4 34
362 21
363 2 5
364 44 47
365 20
366 12
367 25 32
368 25 26 33
369 3 7 9 34
370 23 27 31 37 41
371 5
372 20
373 20
374 5 22 31
375 3 5 7
376 25 43
377 25
378 26 33
379 12 25
380 15 18
381 1
382 29
383 23 29
384 5
385 33
386 23 29
387 25 46
388 5 33 43
389 12 27
390 5 33
391 16 33
392 25 33 43
393 33
394 33
395 25 26
396 27 36
397 25
398 15 20
399 13 17
400 5 33 43
401 20
402 18
403 12
404 33
405 43
406 37
407 5 10 43
408 5 33 43
409 26
410 25
411 33 43
412 9 26
413 41
414 25 33
415 32
416 2 12
417 38
418 34
419 16 23 30
420 9 25
421 3 31 36
422 25
423 13 22 28
424 12 18 22
425 40
426 34 40
427 3 35 37
428 2 15
429 3 38
430 19
431 29 45
432 46
433 35 42
434 29
435 35 41
436 9 47
437 8 12 27 32 41
438 25 30
439 23
440 31
441 25
442 23
443 34
444 39 48
445 42
446 9 34
447 1 42
448 12
449 13 41
450 5 7 16 33 37 43
451 5 15 43
452 13 17
453 14
454 13 15
455 10 37 38
456 27 36 41
457 23 39
458 14 34
459 34
460 6 22 23 39 44
461 28 42 45
462 13 28
463 5 33 43
464 14
465 13 17
466 36 37
467 23
468 20 32
469 16 25 33
470 8 9 27 38
471 19 30
472 42
473 2 12 19 23 27 41
474 12 23
475 25 32 33 42 43
476 9
477 26
478 20 23 33 43
479 40
480 2 12 19 39 41
481 25
482 20
483 9
484 41
485 33
486 12 41
487 12 25 27 41
488 10 14
489 12 19 25 27 30 41
490 12
491 34 41
492 8 9
493 5
494 14 19
495 8 19 27 34
496 13 14 27 41
497 2 12 27
498 22
499 13
500 9 30
501 19 21
502 33
503 13 43 49
504 7
505 6 13 22 43
506 6 9 12 13 15 27 33 34 37 42
507 48
508 27
509 12
510 9 30 37
511 43
512 12 25
513 33
514 5 12 23
515 33
516 23 25 26 29
517 25 33 43
518 12 23
519 44
520 10
521 25
522 48
523 43
524 2 9
525 9
526 20
527 10 12
528 35 42
529 25
530 2 27
531 25 43
532 25 33 43
533 43
534 30
535 2 30
536 10
537 5
538 12 25
539 13
540 25
541 16 19 40
542 39 40
543 23
544 20 25 33
545 22
546 34
547 20
548 30
549 19 27 41
550 25
551 2 15
552 31 45
553 10 34
554 31
555 12
556 35
557 31 34 40
558 8 24 31 38
559 25
560 25 43
561 33 35
562 23 25
563 22
564 22 42
565 31 36
566 20 25
567 12 25 32
568 12 25 41
569 3 8 27 31
570 8
571 5
572 25 45
573 30
574 43
575 22
576 22
577 25
578 25
579 7 39 48
580 2 19 30 41
581 10
582 5 29 33 43
583 25 32 33 43
584 25 33 43
585 25 31 33
586 12 25 33 43
587 33 43
588 20 25
589 34
590 3 7 21
591 32
592 10
593 12 20 27 39 41
594 13 18 39 45 48
595 28 39 42
596 25 30
597 12 23
598 25 32
599 12
600 25
601 25
602 10 39
603 23 26
604 18
605 43
606 25 32
607 22 37 39 48
608 45 48
609 29
610 25 32
611 19 31
612 14 34 45
613 18 37 39 48
614 16
615 30
616 23
617 35 42
618 22
619 25
620 22 25
621 25
622 25
623 30
624 16
625 25 33
626 8 35 37
627 18 27 31 34 41
628 6 38 39
629 25
630 48
631 30
632 48
633 25
634 35
635 6 31
636 9 13
637 33 41 43
638 25 32
639 26
640 3 37
641 9
642 3 7 31
643 18
644 34
645 13 17 39 48
646 27 31 40 41
647 23
648 12 29
649 6 48
650 26
651 18
652 6 13 36
653 12
654 13 25
655 25
656 43
657 35
658 12
659 25 32 33
660 39 48
661 4 16 45
662 39 40 42
663 22 37 42
664 21 40
665 10 29
666 26 33
667 35
668 45
669 45
670 12 33
671 25
672 25
673 13 25
674 7 41
675 25
676 3 7 8 15 28 31 37 41
677 8
678 5 10
679 30
680 40
681 19 30
682 21 37 39
683 37 48
684 2
685 9 12 21 42
686 12 33
687 25
688 25 45
689 43
690 43
691 2 30
692 19 30
693 38
694 4 12 16 19 21 38
695 2 10 39 48
696 39 48
697 40
698 2 19 30
699 39
700 33 37
701 45
702 12 42
703 9
704 4 16
705 4 48
706 30 37
707 5 40
708 25
709 2 25 30
710 8 45
711 45
712 40
713 33 43
714 33
715 40
716 25
717 12 14 41
718 35
719 39 45 48 49
720 5 30
721 15 31
722 43
723 5 34 37 48
724 36
725 26
726 39 48
727 10
728 26
729 25
730 26
731 40
732 30
733 5
734 8
735 25
736 23
737 20
738 35
739 35
740 10 12 23 33
741 31
742 31
743 25
744 26
745 48
746 43 49
747 2 23
748 14
749 25
750 12 25
751 33 43
752 12 39
753 8 18
754 2
755 25 33
756 27 39
757 38
758 39
759 12 25
760 33
761 23
762 19
763 12 25 41
764 25
765 12
766 47
767 6 26 38
768 4 16 27
769 12 26
770 22 33 37 44
771 26
772 12 19 21 38
773 38
774 10
775 2 4 16
776 16 19
777 5 43
778 31 34
779 9
780 12
781 16 19 23 30
782 25 29 30
783 35
784 30
785 29
786 36
787 26 33
788 26
789 10
790 31
791 27 41
792 9
793 36
794 34
795 5
796 3
797 9
798 18
799 11
800 31
801 27
802 18
803 46
804 33
805 11
806 9 12
807 18
808 9 26
809 42
810 10 41
811 7
812 40
813 31
814 9
815 13 16
816 33
817 27
818 9
819 30
820 33
821 26 47
822 3 36
823 33
824 23 34 40
825 32
826 8 32
827 8
828 7 34
829 5 33 43
830 27 41
831 25
832 33
833 2 12
834 3 32
835 25
836 26
837 45
838 18
839 18
840 43
841 12 15 23 37 42
842 23 37
843 12
844 30
845 10
846 26 33
847 34
848 34
849 18
850 10
851 4 16
852 9
853 10 43
854 3 7 47
855 30
856 3 32 38
857 13 17
858 2 30
859 2 30
860 1
861 27 33 36 37 42 43
862 27
863 22 41
864 8 45
865 34
866 31 41
867 32
868 13 15 18
869 12 45
870 2
871 5
872 33
873 30
874 33
875 2 30
876 19 45
877 25 43
878 12 43
879 7 8 10 18 19 23 39 45
880 13 17
881 32
882 13 17
883 40
884 7 29 37 47
885 5 33 43
886 26 48
887 49
888 30
889 40
890 2 3 7 27
891 10
892 45
893 12 27 41
894 19
895 0
896 9 12 27 37 42
897 22
898 40
899 25
900 33 43
901 5 8
902 25 26
903 26 33
904 20 33 43
905 14 41
906 2 21 24
907 26 33
908 26
909 5
910 12
911 16 35
912 13 17
913 8 12 27 41
914 39
915 10 23
916 30
917 40
918 5 42
919 14 30
920 5 43
921 25
922 26
923 6 13 17
924 3 7
925 2
926 12 20
927 45
928 9 18 31
929 43
930 1
931 39
932 3
933 8
934 13 17
935 2 8 12 45
936 27
937 43
938 5
939 32
940 7 12 25 26 45
941 48
942 32
943 34
944 8 19 45
945 29
946 48
947 13
948 20
949 31
950 10
951 20 25 32 33
952 29
953 12 25
954 25 30
955 30
956 41
957 33
958 44
959 2 33
960 10
961 12
962 20
963 20
964 10 19
965 1 9 12 15 18 27
966 25 33 43
967 36
968 27 44
969 20
970 30
971 29
972 13 17 37
973 47
974 22
975 6 12 45
976 34
977 5 10
978 47
979 49
980 19
981 47
982 31
983 12 13 20 33
984 5
985 26
986 44
987 25 43
988 16 25 43
989 27
990 45
991 9
992 43
993 25
994 2 19 30
995 30
996 8
997 45
998 33 43
999 28 41
1000 28
1001 2 30
1002 19 36
1003 4 10 14
1004 29
1005 45
1006 13
1007 19 30
1008 41
1009 19
1010 38
1011 8 13
1012 13
1013 40
1014 15 38
1015 31
1016 30
1017 32
1018 21
1019 14 25 33
1020 26
1021 0 20
1022 23
1023 9
1024 10
1025 33
1026 8
1027 29
1028 30 32
1029 20
1030 16 23
1031 27 41
1032 25
1033 25
1034 35
1035 25
1036 37
1037 5
1038 10 25
1039 25
1040 2 19
1041 13 17 39
1042 43
1043 29
1044 26
1045 3 7 9 42
1046 8
1047 36
1048 12
1049 23
1050 34
1051 9 15 38
1052 33 43
1053 24 45
1054 3 4
1055 26
1056 12 33 43
1057 31
1058 33
1059 18
1060 10 32
1061 10 27
1062 20
1063 10
1064 20 43
1065 33
1066 36
1067 36
1068 19
1069 35
1070 45
1071 25 33
1072 33 43
1073 18 46
1074 12 21
1075 47
1076 5
1077 33
1078 33 43
1079 10 19
1080 21 39
1081 14
1082 5 43
1083 43
1084 19 43
1085 7
1086 36
1087 33 43
1088 32
1089 7 41
1090 26
1091 39
1092 2
1093 26 33
1094 5 33
1095 19 33
1096 40
1097 18
1098 3
1099 34
1100 31
1101 18 45
1102 43
1103 31 34
1104 12
1105 33
1106 16 25
1107 25
1108 40
1109 35
1110 45
1111 20
1112 43
1113 13 17
1114 12 25
1115 12 32 33
1116 16
1117 7 27 36 37
1118 2 23 30
1119 13 17
1120 31
1121 26
1122 3 7
1123 20
1124 19
1125 35
1126 26
1127 26
1128 5 20
1129 19 25
1130 3 7 34
1131 26
1132 26
1133 8 34
1134 10 37
1135 26 37
1136 26
1137 17
1138 29
1139 12 20 25 32
1140 39
1141 3
1142 20
1143 24 36 40
1144 27
1145 20
1146 9
1147 23 25
1148 2 12 45
1149 8 15 23 31 37
1150 25 33
1151 12 25 32 33
1152 9
1153 47
1154 6 13 15 22 23 40
1155 2 27
1156 30
1157 13 15 17
1158 13 20
1159 8 15 18 28
1160 15
1161 6 15 18
1162 10 34 41 45
1163 26
1164 32
1165 32
1166 10
1167 33
1168 20
1169 23 37
1170 9
1171 49
1172 43
1173 3
1174 33 43
1175 33
1176 36 43
1177 39
1178 41
1179 43
1180 29
1181 41 43
1182 33 43
1183 39
1184 5 33 43
1185 8 32
1186 7 18
1187 9
1188 26
1189 2
1190 42
1191 18
1192 19
1193 27
1194 18 27
1195 26
1196 12 21 38
1197 22
1198 26
1199 23
1200 34
1201 22 42
1202 2
1203 31 39 48
1204 30
1205 9 13 17 37
1206 30
1207 36
1208 5
1209 34
1210 8 18 24 31
1211 23
1212 2 21 36
1213 18 38
1214 47
1215 20
1216 5 20 43
1217 25
1218 9
1219 2 4 6 15 35
1220 25 32
1221 10
1222 10
1223 15
1224 3 7
1225 9 12
1226 1 22 42
1227 5 12 32 33 43
1228 15 22 43
1229 18
1230 1 36 37
1231 26
1232 8 27
1233 0
1234 27 41
1235 16
1236 13
1237 20
1238 28
1239 9 15 27 28 31 37
1240 40
1241 34
1242 3
1243 20
1244 15 47
1245 18 22
1246 47
1247 21 27
1248 8 13 18 22 45
1249 35 37
1250 39
1251 47
1252 9 26
1253 15 18
1254 10
1255 15 23
1256 22
1257 39 45 48
1258 10
1259 26
1260 9 26
1261 30
1262 38
1263 9 39
1264 9
1265 12 23
1266 20
1267 10 30
1268 33
1269 32
1270 16 21 34
1271 48
1272 30
1273 10
1274 39
1275 5 37
1276 25
1277 43
1278 12 31 41
1279 10
1280 25
1281 13 17
1282 13 17 47
1283 34
1284 47
1285 8 37
1286 10 12
1287 9
1288 1 37
1289 22
1290 2 19 30
1291 10 27 36
1292 27 47
1293 26
1294 5
1295 12
1296 2 9 15 31 37
1297 8 12 13 26
1298 6 12 13 15
1299 4
1300 10 26
1301 3 4 7 16 27
1302 12
1303 26 39 45
1304 14
1305 29 40
1306 9
1307 45
1308 34
1309 49
1310 4 45
1311 18
1312 9 31 41
1313 2 19
1314 8
1315 15 38
1316 28
1317 35
1318 30
1319 33 43
1320 47
1321 5
1322 19 45
1323 32 33
1324 34
1325 29
1326 34
1327 29
1328 33
1329 40 42
1330 43
1331 4
1332 2 4 14 16 35 37 41
1333 25
1334 14
1335 41
1336 25 26
1337 24
1338 18
1339 22 39
1340 22
1341 37
1342 36
1343 9 34
1344 6
1345 24 37 40
1346 15 27 41
1347 41
1348 20 40
1349 5
1350 5 43
1351 6 13 22 39
1352 39 40
1353 31 36 37
1354 18 28
1355 7
1356 39
1357 3 7 23
1358 9 24
1359 3
1360 22
1361 23
1362 18 40 48
1363 40
1364 33
1365 3 7 13 22 39
1366 36 37
1367 34 37
1368 18
1369 33 43
1370 3 7
1371 3
1372 1
1373 36
1374 13
1375 3 7 27
1376 36
1377 21
1378 15 28 31 39
1379 42
1380 0
1381 1
1382 27
1383 15
1384 34
1385 33
1386 3
1387 18
1388 6 37 39
1389 36 40 42
1390 26
1391 11 15 21 24 46
1392 39 44
1393 29
1394 9 11 34 46
1395 10
1396 3 41
1397 6 28
1398 41
1399 28 48
1400 31 40
1401 2
1402 10
1403 9
1404 35
1405 34
1406 15 20 39
1407 9
1408 45
1409 9 13 22 28 31 37 45
1410 20
1411 6
1412 44
1413 31
1414 0 47
1415 3 36
1416 9
1417 13 17 28 42
1418 42
1419 3 7
1420 35 38 42
1421 42
1422 27 36 41
1423 5
1424 43
1425 15
1426 16
1427 18
1428 6 13 15 17 23 28 37 39
1429 25 43
1430 45
1431 13 17 28
1432 26
1433 40
1434 22
1435 0
1436 15
1437 38
1438 6 13 17 22 39
1439 13 22
1440 15
1441 18
1442 18 22 27
1443 15 45 49
1444 8 10
1445 34
1446 6 12 15 21 36
1447 1 14 15 23
1448 8 9 10 22 23 38
1449 0 9
1450 33 43
1451 3 7 9 15 23 27
1452 15 23
1453 39
1454 4 10
1455 23 24 31
1456 11
1457 1 7 40
1458 8
1459 6 15 22 28
1460 9 15 20 21 23 27 37
1461 42
1462 20
1463 38
1464 3 7 9 15 18
1465 46
1466 45
1467 23
1468 12 18 27 41 42
1469 1 8 23 27
1470 10
1471 37 46
1472 11 46
1473 9
1474 12 31
1475 15
1476 23 35 37
1477 9 33
1478 30
1479 33
1480 2 12 30
1481 22 25 26 33
1482 8 13 27 28 39
1483 2 19 30 45
1484 2 30
1485 11 45 46
1486 23
1487 13 17 39
1488 13 28 42
1489 25 30
1490 3 7 12
1491 33
1492 20
1493 12
1494 3 7
1495 12 35
1496 13
1497 5
1498 10
1499 3 7
1500 26
1501 37
1502 30
1503 2 16 19 21 30 45
1504 3 8 36
1505 2 19 30 41
1506 35
1507 47
1508 30
1509 2 29 41
1510 3 6 7 27 41
1511 25 30
1512 10 35 39 48
1513 8 48
1514 9 24 27
1515 4 16 19
1516 41
1517 27 34 41
1518 3 7 23 41
1519 13 17 39
1520 37
1521 21
1522 30
1523 2 7 30
1524 30
1525 15
1526 27
1527 30
1528 10
1529 2 19 30
1530 22
1531 2 19 40
1532 39 46
1533 3 7 23
1534 31 36
1535 2 19 39
1536 12 27 30
1537 23
1538 8
1539 2 30
1540 30
1541 26 35
1542 2 30
1543 30
1544 29
1545 30
1546 9
1547 30
1548 30
1549 4 7 16 30
1550 2 30
1551 25 30 41
1552 14
1553 29 43
1554 39 41 48
1555 19
1556 33 43
1557 9 26
1558 34
1559 37
1560 35
1561 15 37
1562 3 7
1563 21
1564 9
1565 47
1566 10
1567 2 20
1568 2 31 34
1569 26
1570 9
1571 19 30
1572 47
1573 42
1574 38
1575 16 19
1576 2 4 30
1577 29
1578 26
1579 6
1580 34
1581 25 33
1582 47
1583 12 33
1584 8 22 31
1585 4 12 16 19 38
1586 26
1587 3 7
1588 47
1589 26
1590 2 33 43
1591 36
1592 47
1593 28 29
1594 26
1595 41
1596 18 22
1597 15
1598 45
1599 5
1600 5
1601 2
1602 18
1603 24
1604 8 9 13 22 28
1605 42
1606 19 30 41
1607 36 38
1608 41
1609 18 27 38
1610 26
1611 20
1612 34
1613 34
1614 15 31
1615 12 33 40
1616 5
1617 19 30
1618 3 8
1619 6 9 15 37
1620 13 15 18 27 31 39
1621 3 7 8 27
1622 37
1623 21
1624 31 40 48
1625 12 36 38 40
1626 3 7
1627 26 30
1628 29
1629 26
1630 9
1631 33 43 47
1632 26
1633 17
1634 14 26
1635 6 31
1636 9 23 28
1637 10
1638 15 23
1639 20
1640 29
1641 35
1642 16 26
1643 9 15 31 37 38
1644 5 29 43
1645 38
1646 26
1647 12 14
1648 3 6
1649 2 3 7 9
1650 1
1651 28
1652 47
1653 1 15
1654 1
1655 1
1656 29
1657 5 11 31 36 43
1658 3
1659 1 36
1660 10
1661 15
1662 1 47
1663 6 9 28
1664 39
1665 3 7 8
1666 9
1667 34
1668 10
1669 1
1670 1 9 22 28 31 34 43
1671 39
1672 4 9 36
1673 2
1674 4
1675 33 35
1676 4 6 22 39 42
1677 18 41
1678 9 34 40
1679 21
1680 49
1681 34 42
1682 12
1683 6 28
1684 46 49
1685 7
1686 39
1687 43
1688 30
1689 13 18 39 48
1690 9
1691 42
1692 36 40
1693 43
1694 2 15
1695 40
1696 7 13 22
1697 12
1698 47
1699 5
1700 46
1701 46
1702 0 10
1703 5 40
1704 42
1705 40
1706 7 40
1707 33
1708 11 27 36
1709 38
1710 5
1711 34
1712 36
1713 36
1714 43
1715 35
1716 1
1717 15 18 37
1718 9
1719 6 13 15 17 22
1720 15
1721 42
1722 30
1723 43
1724 10
1725 42
1726 36
1727 13 42
1728 26 33
1729 6
1730 22 40
1731 6 22
1732 13 15 28
1733 28
1734 17
1735 37
1736 10
1737 5 40
1738 13 17 19
1739 3 7
1740 6
1741 14
1742 18
1743 18
1744 19 30
1745 29 47
1746 33
1747 5 33 43
1748 9 39 49
1749 13
1750 34
1751 40
1752 1 3 15
1753 5
1754 10 38
1755 29
1756 5 6 35
1757 27
1758 2
1759 10
1760 13 22
1761 3
1762 22 31 40 44 49
1763 4 16
1764 16
1765 43
1766 19
1767 43 47
1768 15
1769 26
1770 40
1771 7
1772 3 7 8 12 20
1773 34
1774 10
1775 26
1776 19
1777 4
1778 10 26
1779 43
1780 34
1781 39
1782 13
1783 3 7
1784 18 37
1785 11
1786 3 7
1787 43
1788 33
1789 27
1790 26
1791 3 7 12 36
1792 29
1793 20 25 42
1794 22
1795 9 15 27 37 41
1796 38 49
1797 8 13 17 21 39
1798 16 19
1799 6
1800 14
1801 4
1802 10
1803 5
1804 35
1805 40
1806 12
1807 11
1808 3 7 38
1809 13 17 22
1810 46
1811 10
1812 15
1813 22
1814 15
1815 6
1816 48
1817 22
1818 6 36 41
1819 49
1820 24
1821 23
1822 18 34 40
1823 12 27 36 41 49
1824 2 45
1825 1 31 48
1826 1 6 15 27 31 36 39 45 48
1827 7 40
1828 39 48
1829 48
1830 3 7
1831 24
1832 36
1833 6 23 31 39 48
1834 23
1835 22
1836 16
1837 6 15 18 21 27 31 39 44
1838 27 39 48
1839 40 48
1840 39
1841 3 10 12 27 42
1842 6 13 22
1843 40
1844 9 13 15 17 22 23 37
1845 6 13 22
1846 29
1847 22 45 48
1848 31
1849 22
1850 3 4 7 16
1851 19 22
1852 13 22
1853 22 37
1854 5 43
1855 5 12 29 43
1856 8
1857 2 20 38
1858 34
1859 10
1860 9
1861 47
1862 26
1863 31
1864 43
1865 0
1866 0
1867 7
1868 2 19 34 39 45
1869 27 48
1870 35 38
1871 22
1872 5 34
1873 18 36
1874 19
1875 27 46
1876 12 20
1877 8
1878 34 43
1879 34
1880 9
1881 29
1882 5
1883 9 15
1884 6
1885 3 7 15 31
1886 26
1887 30
1888 27
1889 41
1890 18
1891 8
1892 44
1893 11
1894 26
1895 10 39 48
1896 0
1897 2
1898 29
1899 26
1900 27 34
1901 34
1902 6 37
1903 47
1904 10
1905 7 15 27
1906 40
1907 9
1908 5
1909 23
1910 39
1911 10
1912 2
1913 17
1914 26
1915 22
1916 35
1917 15 39 47 48
1918 9 15
1919 38
1920 8
1921 2 4 9 16 19 30 37 45
1922 27
1923 33
1924 10 12 15 42
1925 0
1926 38
1927 46
1928 13 15 17
1929 12 38
1930 10 27 41
1931 42
1932 8 15
1933 27 41
1934 41
1935 41 45
1936 6
1937 21
1938 5
1939 10
1940 8
1941 45
1942 30
1943 41
1944 3
1945 35
1946 10
1947 39
1948 2
1949 47
1950 5
1951 19 38
1952 2
1953 20 35
1954 21
1955 31 36
1956 11 34 37 46
1957 15 36
1958 19 30
1959 2
1960 9 26 34
1961 12 27 41
1962 3 7
1963 38
1964 27 41
1965 8
1966 5
1967 12 21 37
1968 26
1969 13 37 39
1970 12 20
1971 30
1972 39
1973 14
1974 9 23
1975 41
1976 27 31 37
1977 37 41
1978 47
1979 48
1980 6 8 9
1981 13 17 19
1982 13 17
1983 31 36
1984 43
1985 34
1986 30
1987 29
1988 9
1989 31
1990 13 14 15 16 23 37
1991 7
1992 8
1993 3
1994 29
1995 2 4 10 14 16 45
1996 35
1997 26 33 43
1998 21 23
1999 1 4
2000 10
2001 3 7
2002 20
2003 3 7
2004 16
2005 5 43
2006 6
2007 45
2008 15
2009 42
2010 30
2011 33
2012 3 7
2013 12 40
2014 22
2015 23 25
2016 25
2017 34
2018 15
2019 3 7
2020 28 45
2021 1
2022 45
2023 18
2024 3
2025 34
2026 3 6
2027 6 8 15 27
2028 10 12
2029 47
2030 7 18
2031 7 31
2032 10
2033 43
2034 2
2035 7 9 45
2036 10
2037 9
2038 18
2039 13
2040 5 40
2041 10
2042 22
2043 9 45
2044 9
2045 11 47
2046 38
2047 5
2048 19 27 29 41
2049 37
2050 6 13 17 22 31
2051 9
2052 15
2053 7 38
2054 22
2055 6
2056 21 27 41
2057 18
2058 34 40
2059 43
2060 9 40
2061 6 15 18 22 28 37
2062 3
2063 13 17
2064 20
2065 15
2066 34
2067 3
2068 39 48
2069 18
2070 0
2071 30
2072 26
2073 7
2074 3 7 45
2075 12 21 32 45
2076 18 34
2077 6 22
2078 5
2079 3 7
2080 7 19 48
2081 2 12 27
2082 18
2083 19 38 47
2084 36
2085 13
2086 30
2087 3
2088 14
2089 20
2090 31 34
2091 12 21 34 38
2092 16 26
2093 3 7 23
2094 5 33
2095 26
2096 6 28 39
2097 3 7 48
2098 26 30
2099 29
2100 9
2101 9 33
2102 44
2103 9 18
2104 3 34
2105 22
2106 30
2107 30
2108 9
2109 10
2110 45
2111 7
2112 47
2113 33
2114 34
2115 22 34 49
2116 43
2117 13 17 22 28
2118 38
2119 26
2120 6 36 43
2121 41
2122 2 7
2123 23
2124 33 43
2125 5 29 43
2126 41
2127 31
2128 9
2129 40
2130 5
2131 23
2132 17 23
2133 9
2134 43
2135 10 45
2136 9
2137 27
2138 39
2139 40
2140 18
2141 14
2142 10
2143 48
2144 10
2145 40
2146 6 22 36
2147 35
2148 9 19 23 45
2149 7
2150 2 45
2151 44
2152 42
2153 43
2154 12 21
2155 7 36
2156 18
2157 9
2158 20
2159 26
2160 33
2161 34
2162 3 7 12 20 43
2163 39 40
2164 13 40
2165 8 31 41
2166 2 16 36
2167 23 30
2168 4 16
2169 26 30
2170 2 7 23
2171 3 20 27 34 41
2172 33
2173 9
2174 12 14 37 38 45
2175 3 7
2176 34
2177 5
2178 0
2179 4 18
2180 2
2181 20
2182 31
2183 5
2184 5
2185 5 18
2186 5 43
2187 5 33 43
2188 33 41 43
2189 20
2190 41
2191 36
2192 33
2193 18
2194 13
2195 47
2196 30
2197 9 26
2198 33
2199 41
2200 3
2201 19 30
2202 11
2203 43
2204 3
2205 9
2206 36
2207 2
2208 30 34
2209 30
2210 12 41
2211 36
2212 3 26
2213 39 44
2214 5 40
2215 9 16
2216 34 41
2217 20
2218 26
2219 2
2220 5 47
2221 25
2222 41
2223 1 37
2224 43
2225 5 49
2226 5 33 43
2227 3 10
2228 3
2229 30
2230 5 40 49
2231 8
2232 4 21
2233 30
2234 13 39
2235 2
2236 36
2237 26
2238 16
2239 30
2240 5 43
2241 48
2242 22
2243 2 8 22 28 37
2244 45
2245 36
2246 29 44
2247 13 17
2248 14
2249 19 30 45
2250 16
2251 23 30 45
2252 6
2253 10
2254 10
2255 32
2256 19 21 41
2257 8 18
2258 41
2259 21
2260 38
2261 37
2262 36
2263 8
2264 6 13 15 26
2265 20
2266 9
2267 30
2268 13
2269 29
2270 33
2271 5 13
2272 2 41
2273 12 35
2274 2
2275 40
2276 16
2277 13 17
2278 42
2279 12
2280 3 7
2281 10 19 23
2282 30
2283 23
2284 33
2285 5
2286 30
2287 42
2288 2 4 12 16 19 30 41 45
2289 35
2290 14
2291 47
2292 30
2293 19
2294 5
2295 23
2296 20
2297 3
2298 19 27
2299 5
2300 5
2301 20
2302 19
2303 39
2304 36 39 48
2305 33
2306 2 10
2307 36
2308 6 8 13 22 44
2309 6 8 13 17 22 28
2310 42
2311 34
2312 11
2313 22
2314 7 47
2315 3 7
2316 13 42
2317 36
2318 20
2319 44
2320 13 17
2321 38
2322 5 43
2323 29 42
2324 9 15
2325 8
2326 6
2327 2
2328 13 22 39
2329 18
2330 45
2331 6 8
2332 31 37 40 48
2333 6 22
2334 47
2335 3 34
2336 8
2337 47
2338 3 11 15
2339 7 15 38 47
2340 18
2341 20
2342 38 41
2343 8 15 28
2344 15 20 24 27 31 41 49
2345 5
2346 10
2347 43
2348 45
2349 32
2350 2 20
2351 9 27 41
2352 33 43
2353 9 42
2354 40 43
2355 29
2356 8 9 18 22 24 37 46
2357 9
2358 2 19 30
2359 5
2360 41
2361 35
2362 30
2363 10
2364 31 34
2365 5 43
2366 19
2367 2 18 27 41
2368 31 40
2369 43 44
2370 3 7 12 20
2371 45
2372 15 27 31 36
2373 15 18
2374 38
2375 10
2376 34
2377 30
2378 11
2379 20 25
2380 15 27 31
2381 30
2382 44
2383 40
2384 28 42
2385 12 27 42
2386 2 19 30
2387 2 25 30
2388 6 13 17
2389 7 8 43
2390 15 18 48
2391 33 43
2392 45
2393 30
2394 18
2395 35
2396 16
2397 45
2398 5 29 33 43
2399 30
2400 40
2401 29 33 43
2402 9 33
2403 20 23
2404 31
2405 5 31 35
2406 6 13 15 28
2407 29 43
2408 13 17
2409 1
2410 1 7 15 18 31 45
2411 33 41 43
2412 27 36
2413 38
2414 2 27
2415 12
2416 8 15 27 39 48
2417 2 19
2418 37
2419 3 37
2420 8 31
2421 2
2422 47
2423 27 45
2424 4 16 19 34
2425 25
2426 21
2427 6 10
2428 6 15 36
2429 16
2430 41
2431 10 47
2432 27 45
2433 10 30
2434 23
2435 0
2436 43
2437 4 10
2438 19
2439 38
2440 33 41
2441 27 34
2442 11
2443 47
2444 2
2445 40
2446 45
2447 8
2448 31
2449 23 30
2450 35
2451 30
2452 27
2453 26
2454 7 33
2455 23
2456 33 43
2457 19
2458 7
2459 43
2460 39
2461 30
2462 10 43
2463 32 33
2464 4 16
2465 45
2466 8 24 28
2467 2
2468 26 33
2469 2 30
2470 2
2471 45
2472 40
2473 7
2474 24 48
2475 7
2476 28
2477 8
2478 15
2479 7
2480 19 30
2481 16 19
2482 42
2483 13 17 18
2484 13 22 45
2485 8 27 41
2486 5
2487 2
2488 12 22
2489 42
2490 18
2491 29
2492 10
2493 39 41
2494 8
2495 39 41
2496 22 26
2497 9 24 46
2498 11 46
2499 3
2500 5 22 42
2501 27
2502 8 15 18 40
2503 2 8 14 26 30 37
2504 27 37 41 45
2505 7 21
2506 34
2507 5 43
2508 28
2509 8 31
2510 48
2511 27
2512 3 7
2513 47
2514 30
2515 0
2516 9
2517 12
2518 2 3 7 34
2519 5
2520 37
2521 13
2522 21 43
2523 10
2524 0 36 40
2525 20
2526 12 42
2527 5
2528 11 46
2529 13 28
2530 17 22
2531 6 11
2532 29 42
2533 5
2534 17
2535 8
2536 28 47 49
2537 5 18
2538 18
2539 5
2540 32
2541 33
2542 29
2543 33
2544 18
2545 5
2546 5
2547 10 12 14 41 45
2548 31 36
2549 13 27 43 45
2550 29
2551 2
2552 30
2553 41
2554 5
2555 31
2556 20
2557 43
2558 4 16
2559 33
2560 14
2561 7 41
2562 16
2563 40
2564 9 23
2565 13
2566 34
2567 2 3 7 12 21
2568 19 25 33 43
2569 41
2570 22 37
2571 8 43
2572 17
2573 31 34 36
2574 8
2575 9 13 17
2576 5
2577 39
2578 45
2579 13 17
2580 2
2581 45
2582 45
2583 5 43
2584 31
2585 16 29
2586 6 13 15
2587 45
2588 19 45
2589 7 39
2590 39
2591 40
2592 6 8 18 28
2593 8
2594 45
2595 33
2596 33
2597 33
2598 7 43
2599 43
2600 0
2601 22 39
2602 22
2603 40
2604 15 39
2605 6 13 15 20 22
2606 26
2607 0 27
2608 0 27
2609 27
2610 9 26
2611 26
2612 12 22 45
2613 37
2614 26
2615 22
2616 26
2617 37
2618 2 8
2619 9 12 13 17
2620 34
2621 4 16 19 41 45
2622 37 39 48
2623 29
2624 27 29 41
2625 15 27
2626 29
2627 38
2628 2
2629 34 40
2630 27 31 37 41
2631 26
2632 26
2633 23 26
2634 39 48
2635 25 35
2636 7
2637 31
2638 4 16
2639 20
2640 33
2641 9
2642 6 39
2643 20
2644 45
2645 5
2646 35
2647 10 23 31 34
2648 2
2649 6
2650 42
2651 23
2652 31 39
2653 6 18 44
2654 4 12 21
2655 5 35
2656 14
2657 31 36
2658 30 35
2659 35
2660 27 31
2661 6 9 15 18 34
2662 21 27
2663 5
2664 23 35
2665 12 36 40 42
2666 30
2667 2 8 45
2668 9 13 17 37 39
2669 2 18
2670 35
2671 35
2672 6
2673 35
2674 34
2675 38 47
2676 26
2677 26
2678 2
2679 9 47
2680 12 25 37
2681 31 36
2682 6 9
2683 42
2684 35
2685 3 8
2686 26
2687 13 17
2688 8 46 49
2689 6 8 9 18
2690 8 21
2691 6 18 22 37
2692 19
2693 9 41
2694 35 44
2695 6 22 24 31 37 39 48
2696 31 34 39
2697 45 48
2698 5 43
2699 0 12 20
2700 23
2701 31
2702 10
2703 2 38
2704 21 41
2705 10
2706 3 7 12 35
2707 40
2708 4 16 19
2709 12 21 39 48
2710 8
2711 41
2712 36
2713 22 40
2714 20 38
2715 45
2716 30
2717 6 10 40
2718 13
2719 4 45
2720 23
2721 39
2722 39
2723 8
2724 48
2725 2
2726 10
2727 5
2728 33 43
2729 30
2730 30
2731 13 17
2732 29
2733 19 45
2734 29 34
2735 9 40
2736 10 38
2737 17
2738 49
2739 30
2740 21 40 46
2741 3
2742 43
2743 3 7
2744 3
2745 33
2746 7 18
2747 8 36
2748 45
2749 13
2750 33
2751 47
2752 2 34
2753 8 13 22
2754 8
2755 47
2756 5
2757 31
2758 4
2759 31 40
2760 4
2761 12 39 48
2762 7 19 45
2763 1
2764 34
2765 13 17
2766 16 47
2767 22
2768 20
2769 4
2770 23 47
2771 6 13 15 22 39
2772 7 12 32 38
2773 45
2774 29
2775 41
2776 15 21 27
2777 27
2778 18
2779 22 25
2780 5
2781 29
2782 13
2783 34
2784 34 47
2785 34
2786 7
2787 10
2788 10
2789 2 10
2790 19 38
2791 34
2792 5
2793 4 9 12 37
2794 30
2795 10 19
2796 7 12 21 28 48
2797 18 42
2798 40
2799 45
2800 34
2801 41 48
2802 23 47
2803 13 17
2804 3 7 27
2805 38
2806 0
2807 3 7
2808 9
2809 12 25 34
2810 2
2811 35
2812 39
2813 33
2814 23
2815 11 27 41 43
2816 13 38
2817 31
2818 7
2819 42
2820 10
2821 39
2822 13 30 37 39
2823 33
2824 8
2825 18 29 38
2826 35 47
2827 5
2828 15 27
2829 31 34 48
2830 47
2831 48
2832 8 19 25 43
2833 8 15
2834 13
2835 9 23
2836 31 48
2837 40 47
2838 9
2839 6 13 15 23 37 45
2840 31 34
2841 5
2842 20
2843 6
2844 13
2845 40
2846 23 45
2847 22
2848 48
2849 22
2850 40
2851 34
2852 31
2853 10
2854 36
2855 9 45
2856 22
2857 6 8 17
2858 3 7 15 23 28
2859 10 13 18
2860 4
2861 26
2862 8
2863 5
2864 6 9 15
2865 2 30
2866 18 45
2867 22
2868 13 17 22 38
2869 10
2870 48
2871 22
2872 13
2873 13 22
2874 22
2875 8 14 34
2876 2
2877 31 36
2878 8
2879 34
2880 40
2881 3 7
2882 38
2883 34
2884 10 35
2885 20
2886 37
2887 32
2888 9 19
2889 26
2890 25 33 43
2891 48
2892 1 3 7
2893 38
2894 40
2895 47
2896 47
2897 39
2898 31
2899 37
2900 26
2901 15
2902 22 39 47
2903 31
2904 2
2905 34
2906 1 8
2907 30
2908 13 22
2909 34 38
2910 34
2911 7
2912 19 21
2913 40
2914 3 7
2915 27 41
2916 27
2917 27
2918 31
2919 27
2920 45
2921 27 41
2922 7 27 34
2923 8
2924 22 28
2925 39 48
2926 9
2927 48
2928 39
2929 18
2930 34 40
2931 40
2932 39
2933 6
2934 18 31 40 48
2935 4 18 45
2936 34 48
2937 13 39 48
2938 39
2939 47
2940 34
2941 38
2942 4 16
2943 2 23
2944 4
2945 45
2946 8
2947 47
2948 10
2949 2 30 45
2950 10
2951 35
2952 39 48
2953 27 35
2954 10
2955 45
2956 48
2957 31 48
2958 40
2959 31
2960 19
2961 5
2962 4 13 16
2963 40
2964 8
2965 19 23 45
2966 21 40
2967 45
2968 4
2969 40
2970 22
2971 45
2972 2 12 27
2973 45
2974 34
2975 9
2976 3 34
2977 4
2978 5 40 44
2979 5
2980 33
2981 13 28
2982 22
2983 9
2984 8 12 15 21 27
2985 45
2986 30
2987 8 28
2988 3 7
2989 2 30
2990 31
2991 7
2992 12 23 35
2993 33
2994 20 37
2995 22
2996 27 41
2997 38
2998 2
2999 3
3000 23 43
3001 3 34
3002 2 30
3003 7 30
3004 14 30
3005 39
3006 39
3007 12 30
3008 33
3009 6 39
3010 18
3011 7 36
3012 6
3013 19 23 45
3014 35 38
3015 6 28 31 36 48
3016 41
3017 10 27 37
3018 9
3019 29
3020 37
3021 8 29
3022 5
3023 47
3024 5 6 22
3025 36
3026 3 34
3027 29
3028 8
3029 48
3030 3 15 38 40 41 44
3031 27 40 41
3032 29
3033 45
3034 1 18
3035 29
3036 6 22
3037 6
3038 47
3039 40
3040 36
3041 3 7 20
3042 4 12 16 38
3043 4
3044 35
3045 49
3046 20
3047 14 36
3048 2
3049 5 43
3050 2 30
3051 47
3052 18
3053 15
3054 34
3055 48
3056 18 29
3057 47
3058 34
3059 36
3060 23
3061 5
3062 5
3063 6 28
3064 0 18
3065 7 15 23 37
3066 40
3067 23
3068 21
3069 41
3070 37 39
3071 40
3072 18
3073 3 7
3074 34
3075 27 41
3076 5
3077 19
3078 15 47
3079 2
3080 25
3081 41
3082 4
3083 14
3084 28
3085 34
3086 3 7 23
3087 3
3088 10
3089 10
3090 29
3091 20
3092 38
3093 30
3094 45
3095 19
3096 15 27 36
3097 10
3098 30
3099 47
3100 40
3101 30 41 45
3102 28
3103 8 13
3104 40
3105 6 27 36 41
3106 8 12 13
3107 17
3108 12 14 18 27 41
3109 35
3110 39
3111 30
3112 35
3113 26 35
3114 19 30
3115 16 37
3116 30 39
3117 15 27
3118 12 20
3119 7
3120 39 45 48
3121 6
3122 31 36
3123 23
3124 7
3125 41
3126 22
3127 12 42
3128 6
3129 3 9
3130 30
3131 22
3132 8
3133 27
3134 9
3135 3 7 27
3136 47
3137 34
3138 5
3139 48
3140 8
3141 1 36
3142 19 30
3143 14 30
3144 30
3145 30
3146 29
3147 12 21 43
3148 22
3149 41
3150 35
3151 41
3152 30
3153 4 45
3154 3 7
3155 26
3156 22
3157 29 47
3158 8
3159 3
3160 2 31
3161 27
3162 23 45
3163 5
3164 3 6 23 39
3165 12 34 42
3166 40
3167 19
3168 45
3169 8 38
3170 25
3171 25
3172 10
3173 8
3174 8
3175 31
3176 18
3177 9 45
3178 40
3179 18 37 38
3180 30
3181 6 36
3182 38
3183 2
3184 2 18
3185 6 8 22
3186 22 42
3187 15 31
3188 18 42
3189 10 30
3190 17
3191 40
3192 19
3193 31 37 48
3194 18 48
3195 27
3196 4 6 45
3197 10
3198 3 4 7
3199 24
3200 2 4
3201 8 39 48
3202 9 17
3203 40
3204 13 17
3205 6 13 22 28
3206 22 28
3207 3
3208 18
3209 37
3210 11
3211 3 7
3212 10
3213 18 29
3214 2 14 23 34 37
3215 22
3216 3 7
3217 8 32
3218 31
3219 8
3220 2 16 19 45
3221 10 30
3222 10
3223 47
3224 47
3225 39
3226 40
3227 41
3228 16 31
3229 8 16 18 23
3230 3 7 38
3231 40
3232 31
3233 45
3234 2 26
3235 10 41
3236 26
3237 35
3238 35
3239 35
3240 6
3241 47
3242 2
3243 5 43
3244 9 13 45
3245 2 25 30
3246 31 40
3247 2 45
3248 3
3249 12 36
3250 21
3251 47
3252 35 41
3253 31 48
3254 3
3255 36
3256 29 34 47
3257 6 14
3258 10 27 41
3259 34
3260 13 15
3261 5
3262 19
3263 7 45 48
3264 4
3265 4
3266 2 4 16
3267 4
3268 4 8
3269 2 16 19 34 40
3270 4 16
3271 4 45
3272 45
3273 16 19
3274 16
3275 4 16 19
3276 4 16
3277 4
3278 4
3279 42
3280 41
3281 0
3282 19 45
3283 6 15 22 37
3284 9
3285 30
3286 18
3287 4 16 19
3288 37
3289 47
3290 10
3291 6 28 45
3292 14 39
3293 48
3294 14
3295 45
3296 12
3297 47
3298 37
3299 30
3300 40
3301 18 39 48
3302 36
3303 15
3304 8
3305 22
3306 34
3307 26 41
3308 33
3309 26
3310 31
3311 13
3312 18
3313 17
3314 5
3315 41
3316 8
3317 18
3318 5
3319 40
3320 47
3321 18
3322 29
3323 30
3324 36
3325 13 17
3326 34
3327 0
3328 10
3329 23 45
3330 47
3331 22
3332 36
3333 4
3334 5 36
3335 2
3336 44
3337 30
3338 41
3339 39 40 48
3340 0 39 48
3341 18 28
3342 40
3343 8 15 31 34 37
3344 10
3345 4
3346 9 22 37
3347 40
3348 42
3349 35
3350 3 10 23
3351 8
3352 18
3353 27 34
3354 24 31 40 41
3355 6 15 27 36 39 48
3356 6 39 47 48
3357 12 16 19
3358 15
3359 29 47
3360 21 28 31 37
3361 6 9 15 34
3362 6 8 13 37
3363 29
3364 8
3365 8
3366 6 8 15
3367 45
3368 6 9 15
3369 33
3370 49
3371 6
3372 0
3373 6 15
3374 22
3375 39
3376 39
3377 18 29
3378 40
3379 1 15 31 38
3380 40
3381 40
3382 2 34
3383 2
3384 17 22
3385 5
3386 36 38
3387 39
3388 6 17
3389 22
3390 23
3391 8 22 28
3392 10
3393 22 37 45 47
3394 18
3395 9
3396 10
3397 5
3398 47
3399 45 48
3400 40
3401 29 40
3402 40
3403 40 47
3404 40
3405 47
3406 3 40
3407 18
3408 33
3409 5
3410 8
3411 29
3412 7 31 39 48
3413 8
3414 3
3415 31 34
3416 8
3417 44
3418 4
3419 34
3420 22
3421 8
3422 8 13 17 37
3423 26
3424 0
3425 3
3426 6 8
3427 13 28 37
3428 18 29 39
3429 36
3430 2 12 19 44
3431 15
3432 35
3433 2 10 30
3434 10
3435 9
3436 48
3437 18
3438 47
3439 30
3440 18
3441 34 47
3442 19
3443 4
3444 6
3445 27 41
3446 31
3447 18
3448 39
3449 5
3450 47
3451 29
3452 6 31
3453 7 8
3454 8
3455 6 13 15 22 23 27 28 31 37 39
3456 31
3457 9 34 39
3458 3 40
3459 40
3460 8
3461 41
3462 21
3463 6
3464 31
3465 5
3466 27 35 41
3467 18
3468 39
3469 31 36 37
3470 23
3471 18 22 40 48
3472 12
3473 38
3474 7
3475 47
3476 47
3477 21
3478 36
3479 18 22 28 42 44
3480 4 16
3481 30 39
3482 34 45
3483 3 9 22
3484 6 15 18 22 31
3485 3 7
3486 10
3487 31 34
3488 41
3489 6 15 22
3490 8
3491 3 49
3492 41
3493 6 8 15 17 22 28
3494 27 31
3495 47
3496 22
3497 18 39
3498 0
3499 36
3500 13
3501 3
3502 10 37
3503 10
3504 49
3505 8 18 24 36 49
3506 29
3507 1 6 15 22 28
3508 6 27 41
3509 47
3510 36
3511 23 39 48
3512 48
3513 21
3514 37
3515 48
3516 5 36
3517 6 8
3518 23
3519 4
3520 2
3521 2
3522 20 27 41
3523 2
3524 28 41
3525 13
3526 29
3527 7
3528 41
3529 22 36
3530 27
3531 13 22
3532 41
3533 23
3534 3 7 28
3535 8 15
3536 13 17
3537 28
3538 26
3539 4 16
3540 31 41
3541 8
3542 0 20
3543 13
3544 22
3545 24 31 34 36
3546 27 31 41
3547 23
3548 29
3549 47
3550 8
3551 8
3552 12 21 37
3553 6
3554 18
3555 5
3556 18
3557 5 26
3558 31 46
3559 13
3560 41 45
3561 6 13
3562 6
3563 31
3564 13
3565 31
3566 2
3567 3 7 41
3568 23
3569 41
3570 4
3571 2
3572 4 16 45
3573 4
3574 16
3575 27 41
3576 15
3577 3 4 16
3578 22
3579 23
3580 3
3581 6 15
3582 42
3583 40
3584 27 31 41
3585 2
3586 6 13 15 17 28
3587 22
3588 22 28
3589 6 13 22 28
3590 22 24 28 48
3591 6 8 13 15 17 18 28
3592 30
3593 45
3594 6
3595 10 19
3596 40
3597 47
3598 47
3599 31 40
3600 36
3601 29
3602 9 30 48
3603 41
3604 7
3605 22
3606 7
3607 34
3608 10
3609 46
3610 26
3611 9
3612 18 40
3613 39
3614 18
3615 41
3616 48
3617 19
3618 7 34
3619 44
3620 4 47
3621 47
3622 47
3623 18
3624 3
3625 30
3626 17
3627 5
3628 3
3629 18
3630 28
3631 15
3632 10 36
3633 3 7 47
3634 15
3635 10
3636 41
3637 30
3638 13
3639 34 47
3640 23
3641 5
3642 35
3643 19
3644 8 34
3645 21
3646 47
3647 9 47 48
3648 31
3649 3 7
3650 47
3651 9 15
3652 9
3653 21
3654 32
3655 29
3656 4
3657 34 47
3658 1 8 9 15 18 23 37
3659 13 39 48
3660 48
3661 3 7 10 45
3662 31
3663 21
3664 6
3665 40 47
3666 4
3667 38
3668 2 19
3669 39
3670 4
3671 47
3672 47
3673 26
3674 31 40 48
3675 6 28 37
3676 26
3677 2 18 19
3678 47
3679 41
3680 24 31 37
3681 47
3682 10
3683 31
3684 3
3685 9 23 27 28 37 45
3686 34
3687 31 34
3688 9 34
3689 35
3690 39
3691 31
3692 3
3693 1 8 23 48
3694 43
3695 13 22 40
3696 15 22 47
3697 19 45
3698 2 19
3699 23
3700 26
3701 45
3702 3
3703 2
3704 3 7 31 45
3705 15 40
3706 7 31 40
3707 18
3708 5
3709 6
3710 8 22 28
3711 2 8 13 29
3712 40
3713 7 15 32
3714 34
3715 29 47
3716 39 48
3717 47
3718 4
3719 6
3720 6
3721 47
3722 7
3723 10
3724 42
3725 0 47
3726 47
3727 24 31
3728 46
3729 18
3730 23 39
3731 0
3732 7 24
3733 39 48
3734 34
3735 5
3736 10
3737 47
3738 15
3739 8
3740 39
3741 40
3742 40
3743 47
3744 2 8 27
3745 27
3746 26
3747 8
3748 6
3749 9
3750 10
3751 29
3752 29
3753 36
3754 40
3755 2
3756 19
3757 6
3758 43
3759 34 36
3760 29
3761 22 47
3762 34
3763 39 48
3764 34
3765 19
3766 31
3767 18
3768 30
3769 6 22
3770 17
3771 8
3772 6
3773 48
3774 3
3775 31 40
3776 12 30
3777 13 17 47
3778 12 21
3779 34
3780 15
3781 47
3782 7 9
3783 40
3784 8
3785 27
3786 2
3787 18 45
3788 4
3789 8 22
3790 10
3791 44
3792 44
3793 10
3794 22
3795 39 48
3796 39
3797 15 18
3798 39
3799 47
3800 8
3801 19
3802 45
3803 29
3804 37
3805 20 27 45
3806 29
3807 6 22
3808 2
3809 45
3810 10
3811 2
3812 48
3813 6 15 31
3814 26
3815 6 15 18
3816 27 29
3817 27
3818 41
3819 37
3820 22
3821 6 8 9 15 18 22
3822 18
3823 35
3824 45
3825 10
3826 11
3827 31 46
3828 45
3829 47
3830 3 7
3831 40
3832 45
3833 34
3834 47
3835 29 37
3836 3
3837 16 19
3838 6 15 24 39 48
3839 11 31
3840 6 15 22 47
3841 6 18
3842 23 31 47
3843 40
3844 13
3845 13
3846 34
3847 41
3848 5
3849 40
3850 18 29
3851 22
