7 1 21 1 19 0 7 0 21 1 0 3 2 13 0 5 0 5 16 6 16 6 0 1 17 1 19 0 3 13 33 27 33 15 33 30 1 3 2 28 31 0 12 3 1 0 5 6 4 0 31 32 20 33 23 27 2 1 21 0 19 33 13 1 3 13 33 27 2 0 2 27 2 0 7 2 32 20 33 27 
13 1 30 32 22 32 8 0 6 5 0 19 0 8 33 23 29 26 29 32 30 33 28 2 1 19 0 4 10 0 21 0 5 6 5 0 4 10 0 10 5 0 1 19 33 28 33 30 32 29 26 33 8 2 1 7 3 13 2 13 1 0 11 0 17 1 7 1 19 33 27 33 31 33 22 32 15 32 23 25 
18 33 8 2 8 32 15 33 28 2 7 0 19 1 17 1 3 1 0 5 0 13 0 11 0 21 1 0 6 16 5 0 5 10 5 16 6 5 0 4 6 4 0 19 0 1 2 9 2 3 13 1 17 0 3 12 3 7 1 2 7 1 21 0 1 21 0 11 0 3 12 3 7 3 1 21 0 10 0 3 
22 33 23 25 31 33 19 0 21 1 17 1 2 9 33 31 33 14 33 26 33 29 33 28 2 3 1 13 33 23 33 28 31 28 2 1 2 28 33 18 32 8 32 31 0 11 0 31 25 24 27 2 8 2 8 33 9 33 30 1 7 3 13 2 3 0 21 0 3 13 0 31 33 13 1 0 4 6 4 10 
6 16 5 6 16 6 4 0 17 1 30 33 29 33 9 33 29 23 29 32 20 33 31 32 14 32 31 33 13 3 12 3 2 27 24 27 2 27 2 28 33 28 31 24 31 32 18 33 31 33 22 32 23 29 23 33 28 2 9 33 22 33 8 32 8 33 13 0 4 6 5 10 0 11 0 17 1 21 0 8 
5 10 0 21 1 13 3 13 2 27 2 32 14 32 22 32 14 32 29 23 25 23 33 15 32 30 33 31 28 2 3 12 0 12 3 1 3 1 3 13 0 2 7 0 8 0 8 32 29 23 29 23 29 32 31 28 31 25 24 31 32 33 19 33 20 32 33 9 33 29 23 32 20 33 28 31 0 13 3 12 
29 32 29 23 33 9 33 15 33 14 33 29 26 33 8 2 8 2 3 1 19 0 17 1 30 1 7 1 2 32 23 33 31 24 27 24 31 0 7 3 12 0 21 0 12 3 2 0 1 19 0 21 0 10 5 16 6 16 6 0 12 3 1 21 1 21 1 0 11 0 3 7 3 12 3 2 3 0 13 0 
17 0 8 2 28 33 23 33 22 32 2 8 32 31 32 29 33 22 32 29 26 29 26 33 22 33 8 33 31 33 31 25 31 32 8 0 17 1 0 31 24 31 28 2 32 15 33 18 32 8 33 22 32 2 28 2 3 1 19 1 30 32 15 33 27 24 31 24 31 24 27 24 25 31 0 2 27 2 9 33 
4 6 16 6 4 6 4 6 16 6 4 6 16 5 16 5 0 12 3 0 19 33 8 33 28 33 15 32 18 32 15 32 18 32 31 24 27 2 8 33 9 33 19 33 14 33 18 33 14 33 31 25 31 24 31 33 27 24 25 24 27 24 27 24 25 31 32 14 33 22 33 14 32 8 2 9 2 1 19 0 
27 24 31 0 3 13 2 13 33 26 29 26 33 30 33 31 0 6 16 5 16 6 5 0 7 3 0 4 0 13 0 17 1 3 13 1 21 0 17 1 7 0 1 19 0 3 12 0 4 0 1 17 0 8 33 8 33 27 23 25 23 32 23 33 8 2 8 2 28 33 29 23 32 22 33 8 2 1 13 0 
26 33 26 33 26 33 22 33 32 18 32 15 33 9 33 23 27 24 25 23 29 32 20 32 33 8 33 22 33 27 24 25 23 27 23 32 30 33 9 2 7 0 19 0 31 32 33 8 32 33 29 23 29 32 30 33 19 33 30 1 13 1 30 32 23 33 8 2 1 2 32 29 32 20 33 23 33 27 23 33 
31 0 2 1 13 1 2 9 2 27 33 26 33 29 32 20 32 14 33 28 33 23 29 26 29 26 33 28 33 18 33 8 2 7 2 13 1 7 0 19 0 21 1 19 0 4 0 5 6 0 10 5 0 19 33 22 33 14 33 26 29 32 22 33 30 1 2 13 2 32 23 29 32 22 33 30 1 21 0 12 
12 0 1 3 13 1 0 8 32 18 33 30 32 33 18 32 18 33 15 32 31 25 31 25 24 25 24 27 33 14 33 23 25 31 33 22 32 23 25 24 27 23 29 33 32 23 32 30 33 27 23 33 18 32 23 25 23 33 28 2 3 2 7 2 28 2 1 30 33 13 33 31 0 5 0 6 4 10 0 13 
33 23 32 8 2 1 21 0 8 33 23 27 2 27 2 9 2 7 3 2 27 24 25 31 25 23 25 24 31 33 28 33 18 33 8 0 3 2 32 22 32 23 27 33 30 32 22 33 15 32 18 33 14 33 32 2 0 2 3 7 0 17 0 19 0 5 10 0 13 0 4 10 0 10 5 10 4 6 4 0 
21 0 8 2 9 2 1 30 33 8 0 19 1 13 1 19 33 23 25 23 25 24 31 28 31 28 33 31 28 33 27 2 3 2 7 3 7 2 1 0 8 2 3 2 0 17 0 3 0 6 0 19 1 17 1 17 1 3 1 7 2 27 33 28 33 20 32 2 1 2 32 23 29 26 29 26 29 26 29 26 
14 32 30 1 19 1 21 1 2 9 33 9 2 28 2 3 1 19 1 17 1 21 1 19 0 21 1 2 28 33 27 2 9 2 28 33 15 32 2 7 1 30 32 29 26 29 23 33 30 1 13 2 7 0 12 0 19 0 10 0 10 4 10 5 0 1 21 1 30 33 8 33 29 32 29 32 14 32 29 23 
16 6 5 0 13 1 3 0 13 2 13 33 9 2 32 15 33 9 2 9 33 20 32 29 32 33 29 32 15 32 20 33 13 2 3 1 13 2 3 0 1 13 3 2 13 2 27 24 31 0 13 1 19 1 17 0 13 2 0 11 0 4 0 10 4 0 2 7 1 19 1 19 0 12 0 6 5 0 7 0 
20 33 15 32 30 1 0 19 1 30 33 28 33 32 23 27 33 30 1 21 1 7 2 9 2 0 19 1 30 1 17 0 31 28 31 28 2 3 13 2 1 13 3 2 0 1 3 0 31 28 31 32 14 32 20 32 20 33 8 33 14 32 2 32 8 32 15 33 28 33 14 32 20 32 8 0 8 2 3 2 
11 0 13 0 7 1 0 1 21 1 30 33 29 32 18 33 22 33 27 33 22 32 33 9 33 28 33 23 33 29 23 27 2 28 2 32 33 32 23 29 26 33 13 2 3 13 1 2 8 32 33 9 33 19 33 20 33 26 33 32 29 33 18 33 28 31 25 24 27 2 9 33 13 2 9 33 8 33 23 25 
30 1 2 0 12 0 8 2 1 7 0 5 0 17 0 1 30 33 15 33 18 33 27 33 18 32 8 0 12 0 4 6 0 8 33 8 33 23 29 26 33 31 24 31 25 24 25 24 27 24 27 24 27 2 28 31 33 28 31 25 31 0 5 0 19 33 28 2 3 1 21 1 13 1 19 1 13 1 17 1 
8 33 29 33 20 33 18 33 9 33 30 1 0 13 33 15 32 33 9 2 3 1 19 0 7 1 21 1 19 0 1 13 3 0 7 1 3 12 3 7 0 1 7 0 4 10 4 10 4 0 6 0 8 0 1 7 1 3 7 2 3 7 3 1 3 12 0 5 0 10 4 6 0 7 3 7 0 7 2 13 
24 25 31 25 23 29 23 29 33 31 24 31 0 21 0 21 1 30 1 17 1 3 1 17 0 12 0 7 1 21 0 5 6 4 6 16 6 0 31 33 28 33 30 32 8 0 31 32 8 32 33 9 2 28 33 15 33 28 33 19 33 23 25 31 33 28 33 22 33 13 1 7 3 0 17 0 8 2 28 33 
3 0 31 28 33 19 33 19 1 13 1 13 2 9 2 8 32 22 32 15 32 18 32 30 32 22 32 15 33 32 18 33 32 33 19 33 14 33 29 32 30 32 30 33 13 0 11 0 4 10 4 0 7 1 13 3 2 0 8 33 19 0 13 33 29 23 29 33 20 33 14 32 20 32 23 32 29 33 31 33 
23 25 23 27 2 13 1 17 1 7 0 21 0 1 30 33 29 33 27 23 33 13 33 29 33 23 33 14 32 30 1 21 1 0 5 10 5 0 6 4 0 10 5 16 5 6 0 12 3 2 1 3 7 3 1 19 0 10 0 17 1 3 1 30 33 22 32 33 28 31 28 2 3 12 3 1 2 28 33 32 
1 21 1 21 0 12 3 7 3 12 0 17 0 3 13 33 29 33 20 33 9 2 13 2 0 13 3 7 2 8 32 31 32 22 33 8 2 27 23 27 23 29 33 14 33 18 33 30 1 17 1 21 1 3 7 2 13 2 28 33 27 23 32 23 33 28 31 0 3 2 13 2 3 13 1 19 0 12 3 0 
19 33 15 33 15 32 33 22 32 18 33 19 33 18 33 30 33 20 32 33 20 33 8 33 13 1 13 1 19 1 30 32 15 33 14 32 14 32 2 32 8 0 5 6 16 6 4 6 16 6 0 11 0 3 2 8 32 8 32 8 32 15 33 26 33 19 33 32 8 2 27 33 26 33 28 2 32 29 33 28 
15 33 32 30 1 13 3 12 0 21 0 2 28 33 30 1 21 1 7 3 2 3 12 3 1 0 19 0 1 21 1 19 0 3 7 2 9 2 32 20 32 30 32 20 33 8 2 0 2 13 0 8 32 8 2 32 20 32 15 33 23 33 27 24 25 24 25 31 24 31 32 15 33 31 0 11 0 11 0 13 
0 3 2 3 1 3 1 2 8 33 31 33 32 29 23 25 31 24 25 23 29 26 33 30 32 2 1 0 17 1 2 0 11 0 12 3 13 0 7 3 1 30 32 23 32 20 32 2 32 30 1 2 3 2 3 7 1 7 2 7 0 10 5 0 13 3 7 3 7 2 28 33 28 31 33 29 26 33 23 32 
32 29 26 29 33 32 23 27 2 28 2 1 13 1 21 0 10 5 10 0 11 0 1 0 31 25 23 27 2 32 29 26 33 30 32 31 0 6 5 10 4 6 4 6 4 10 5 10 4 6 5 16 5 0 6 16 6 5 6 4 0 8 2 13 3 7 2 27 33 26 33 20 32 23 25 23 33 13 1 19 
25 23 25 23 25 31 25 31 33 32 15 33 23 33 32 18 32 23 32 23 32 18 33 20 32 22 32 22 32 14 32 30 33 28 31 28 2 7 3 13 2 32 18 33 30 32 33 9 2 9 2 13 2 3 0 5 16 6 4 10 4 10 5 0 8 32 8 0 12 0 19 1 30 33 30 1 3 12 0 21 
9 33 29 23 25 31 25 31 32 2 9 2 3 7 0 8 0 21 0 21 1 2 7 1 30 32 20 32 8 33 8 32 30 33 27 24 25 31 28 31 28 31 33 22 33 23 32 33 20 32 30 1 3 12 3 13 0 3 7 0 19 0 12 0 31 24 25 23 32 2 27 2 0 8 2 27 2 28 33 23 
28 33 32 29 32 31 32 8 2 9 33 29 26 29 23 27 33 30 1 7 2 8 2 3 0 2 3 13 1 19 1 17 1 19 33 14 32 14 32 15 32 8 33 20 33 32 33 31 0 4 6 4 10 0 21 0 12 3 13 0 13 33 13 1 19 33 13 3 1 13 2 0 19 33 29 32 8 32 23 25 
10 5 16 6 16 5 0 6 0 10 5 16 6 16 6 0 21 0 13 3 2 3 7 0 7 0 3 2 28 2 8 32 31 24 31 33 19 33 28 33 29 26 33 31 25 31 25 23 25 31 24 27 24 25 31 33 30 33 13 0 17 1 2 13 1 0 31 0 3 7 1 17 1 19 33 31 24 27 23 25 
2 7 3 7 0 12 3 7 1 13 3 0 2 28 31 25 24 27 23 29 26 29 33 20 32 23 33 19 0 6 5 16 6 0 21 1 21 0 3 0 13 0 5 6 4 0 3 0 10 5 0 6 0 19 0 11 0 31 32 30 1 19 33 15 33 29 33 19 33 15 32 20 33 32 2 9 33 26 33 26 
31 33 28 31 24 27 2 9 33 23 29 26 29 23 29 23 27 23 33 29 32 20 33 15 33 20 33 14 33 28 2 7 1 3 7 1 17 1 7 3 13 33 9 33 32 31 25 23 32 23 25 23 32 8 32 23 29 26 29 32 33 20 33 32 22 33 14 33 26 29 26 29 33 30 1 21 0 10 4 0 
1 2 1 17 1 17 0 2 13 2 27 2 28 33 22 32 2 13 2 28 2 1 2 3 2 8 33 32 23 33 15 33 18 33 18 33 22 32 2 32 23 33 13 0 3 7 3 0 7 3 7 0 6 4 10 4 10 0 31 0 31 33 22 32 8 33 26 33 22 32 18 33 9 33 30 1 17 0 10 0 
23 33 15 33 19 1 2 9 2 3 2 9 2 7 1 2 1 17 1 21 0 31 33 14 32 33 30 1 3 12 3 7 3 2 13 3 13 3 2 8 32 31 28 2 9 33 8 33 22 33 13 3 7 1 30 32 8 32 23 29 33 27 2 0 19 33 8 32 18 33 15 33 9 2 27 23 25 23 27 33 
21 1 30 32 22 33 20 33 30 32 8 2 28 2 3 1 2 32 22 33 26 29 33 26 33 32 20 32 14 32 33 15 32 31 25 24 27 23 27 24 25 31 28 33 15 32 23 25 23 33 18 32 31 0 2 8 33 18 32 23 25 23 33 26 33 15 32 20 33 26 33 32 30 33 22 33 22 32 23 25 
6 5 6 5 10 5 16 5 10 0 7 1 0 2 13 0 19 1 21 0 31 33 15 33 18 32 14 32 18 33 13 0 5 10 5 0 12 3 1 17 1 19 1 17 1 30 33 20 32 15 33 29 23 29 23 27 23 29 26 29 33 27 23 29 33 26 29 33 31 33 28 33 19 0 5 0 21 1 21 0 
13 2 13 1 7 2 27 24 31 24 25 31 24 31 33 32 18 32 23 25 24 27 2 13 3 0 19 0 17 0 19 0 7 2 9 2 7 3 2 1 7 0 31 25 24 25 31 32 31 32 8 32 30 32 2 7 2 9 33 18 32 20 32 33 22 33 18 33 26 33 32 2 1 30 32 30 33 15 33 13 
32 8 32 20 32 15 33 23 27 33 23 33 9 2 27 24 27 23 27 23 33 19 1 30 32 30 32 8 2 32 18 33 13 33 13 33 28 31 32 2 27 24 27 23 25 23 32 33 31 32 23 33 26 33 28 33 26 29 32 2 27 23 29 26 33 32 14 33 14 32 18 32 29 33 23 32 30 33 22 33 
29 33 19 33 8 2 8 33 13 3 12 3 2 0 7 0 31 32 8 0 2 7 1 7 1 13 0 11 0 17 1 7 3 0 5 16 6 16 5 0 8 33 32 23 29 26 33 15 32 14 32 23 32 2 0 5 10 4 6 5 0 2 28 31 24 27 24 25 24 31 24 27 23 27 23 25 24 31 0 17 
27 23 33 15 33 19 0 17 1 19 0 31 33 30 1 21 1 7 1 3 12 0 10 5 0 10 5 16 6 16 6 5 16 5 0 4 6 0 31 32 14 32 23 29 23 25 24 25 24 31 28 31 33 19 0 11 0 19 0 11 0 6 4 10 0 10 5 6 16 5 16 6 4 10 4 10 0 2 13 2 
4 6 16 6 0 6 0 19 1 21 0 4 10 0 12 3 7 2 0 5 16 6 0 21 1 2 3 7 1 3 0 13 0 1 19 0 5 0 11 0 6 16 6 4 6 16 5 10 4 0 2 1 2 8 2 28 2 0 2 1 0 13 3 13 1 13 0 6 5 6 5 16 5 6 4 0 3 12 3 12 
2 13 33 14 32 14 32 22 32 18 33 32 31 24 27 2 27 24 25 23 32 8 33 32 18 32 33 18 32 15 33 18 33 31 0 4 6 4 10 4 0 21 0 31 33 19 0 5 16 5 0 8 32 8 32 29 33 31 32 30 32 23 32 29 32 23 29 26 33 30 1 3 13 0 7 1 2 7 2 27 
10 0 12 3 2 9 2 27 33 8 32 2 8 0 11 0 21 1 13 1 30 1 17 0 4 10 5 10 4 10 5 10 0 13 1 7 1 7 2 32 20 32 30 1 3 13 1 17 0 6 0 6 5 10 5 16 6 5 16 6 5 0 12 0 6 4 6 16 5 0 6 4 6 0 7 1 17 0 21 0 
5 6 5 0 21 0 1 7 3 1 21 1 2 32 20 33 19 0 17 0 21 0 19 0 17 1 3 12 3 1 30 33 20 33 9 33 26 29 26 29 23 29 33 19 0 13 0 4 6 4 0 7 1 30 33 19 1 0 2 7 3 1 30 33 18 32 2 32 33 14 33 31 28 31 33 28 31 25 24 27 
15 33 30 1 0 31 25 31 32 15 33 15 33 28 33 23 32 18 32 20 32 22 32 20 32 29 23 29 32 15 33 28 33 28 2 28 31 28 2 0 1 30 32 20 33 22 32 20 32 22 32 33 22 33 14 32 29 23 29 33 29 23 27 33 13 0 1 0 17 1 21 1 2 0 21 1 17 1 21 0 
19 33 30 1 3 2 1 13 2 3 7 1 7 2 13 3 12 0 21 0 3 13 0 8 0 12 3 13 1 17 1 7 2 3 13 0 31 24 27 33 29 26 33 23 33 20 33 28 31 24 27 23 32 33 9 33 29 32 18 32 8 0 1 19 0 31 28 31 32 14 32 2 27 24 27 2 28 2 9 33 
26 29 23 33 32 31 25 23 25 23 33 27 33 8 32 23 29 32 18 33 8 0 4 0 1 30 32 30 1 3 7 3 1 30 33 20 32 30 32 18 32 8 0 7 1 21 0 5 0 1 13 2 7 2 0 8 2 3 7 1 17 0 11 0 19 0 6 4 6 4 10 4 6 5 10 5 0 12 3 7 
24 27 23 33 14 32 23 33 30 32 15 32 15 32 31 24 27 24 27 23 33 27 24 31 24 31 32 8 33 15 32 15 32 31 0 1 7 2 9 2 28 33 26 33 8 0 1 19 33 22 32 15 33 26 33 15 32 31 32 23 32 22 33 14 33 22 32 14 33 8 0 5 6 4 6 4 10 5 10 4 
33 30 1 7 2 1 30 32 30 32 20 32 15 32 15 33 27 24 31 32 8 33 29 23 27 23 32 15 33 30 33 15 33 18 33 32 20 33 29 32 2 9 33 32 22 32 33 29 26 29 32 30 33 32 31 33 26 29 32 20 32 20 33 27 2 0 12 3 12 0 17 0 1 13 1 13 1 0 11 0 
12 0 2 1 21 0 21 0 31 28 2 3 0 5 0 4 6 5 6 5 6 16 5 0 17 0 21 1 13 2 27 33 27 2 32 29 33 30 32 31 28 33 14 32 33 20 32 29 33 29 33 29 23 25 24 25 23 33 18 32 8 32 2 8 33 32 30 1 17 1 21 1 7 1 3 1 7 3 7 0 
17 0 6 0 6 5 10 4 10 0 7 3 12 0 1 21 1 2 32 30 33 18 32 33 29 32 22 33 13 2 0 5 0 4 0 5 6 5 16 5 6 5 0 8 32 29 23 25 24 25 23 32 33 26 33 32 29 32 18 32 15 32 15 33 28 31 25 31 25 31 33 27 33 18 33 8 0 4 6 0 
8 33 23 33 29 26 33 23 32 23 25 24 31 33 23 32 20 32 29 23 33 18 33 18 33 23 32 2 3 7 3 1 13 33 8 32 31 28 33 32 2 1 0 10 0 10 4 10 5 16 5 0 11 0 4 10 4 6 16 6 4 6 16 5 16 6 5 0 11 0 21 0 6 4 0 19 0 11 0 31 
20 32 30 32 8 32 29 26 29 23 32 18 32 23 33 27 2 28 31 33 20 32 20 32 30 32 33 20 33 22 32 8 33 22 32 2 1 21 1 13 3 12 3 12 3 2 3 0 8 32 2 1 19 0 21 1 21 0 7 0 21 1 3 2 32 2 3 2 0 1 30 1 3 7 1 21 1 2 0 31 
9 33 9 2 0 31 33 9 33 31 28 33 13 3 7 3 1 3 7 2 28 2 9 2 9 33 30 33 8 0 21 1 30 1 17 1 17 0 19 0 13 1 3 13 3 7 2 0 11 0 17 1 0 1 21 0 4 0 17 1 3 7 1 2 7 0 31 24 25 23 32 22 32 14 33 15 33 31 0 19 
22 33 26 29 23 33 9 33 31 32 31 28 31 0 10 5 6 16 6 4 6 4 6 5 10 0 2 8 33 31 33 13 33 31 25 24 31 33 22 32 22 32 29 26 33 26 33 8 0 21 1 13 3 13 33 13 3 0 3 1 7 0 17 0 1 0 1 30 32 18 33 22 32 18 32 2 0 6 0 1 
30 1 13 0 4 0 8 33 22 32 31 0 11 0 3 2 7 2 32 18 32 18 33 15 33 26 29 33 30 32 8 2 28 31 25 24 27 24 31 28 33 9 2 3 7 3 12 0 2 3 0 31 24 31 28 31 0 7 2 13 3 7 2 8 0 3 2 32 18 33 19 33 8 0 2 13 2 3 7 1 
28 33 14 33 26 29 33 19 33 22 33 28 33 28 31 25 31 0 10 5 16 5 0 31 24 27 2 0 6 4 0 1 13 33 9 33 14 33 32 15 33 28 2 0 4 10 4 10 4 10 0 7 2 3 7 1 30 32 22 33 28 2 0 4 0 17 0 17 0 11 0 11 0 19 0 19 1 21 1 21 
3 13 3 13 33 26 29 32 30 33 30 33 28 33 23 33 26 29 33 29 23 25 24 27 33 19 1 21 1 30 33 32 20 32 22 33 15 32 33 30 33 19 1 7 3 0 2 27 23 33 26 29 33 18 32 31 25 31 0 11 0 13 33 29 23 29 26 33 31 24 27 2 28 2 3 2 7 1 13 2 
18 33 20 33 31 28 2 8 0 4 10 4 6 0 5 6 16 5 10 0 1 2 27 2 3 2 9 33 28 31 33 19 0 1 30 1 19 0 6 16 6 5 16 5 6 16 6 5 0 21 0 6 5 10 5 10 5 6 0 19 33 13 33 28 2 9 33 27 23 25 23 33 29 32 8 2 9 2 8 32 
25 31 28 2 13 1 2 7 2 27 33 20 33 19 1 13 1 2 3 7 3 1 30 33 20 32 23 27 24 31 24 31 0 11 0 19 33 31 25 24 31 0 19 33 18 33 13 1 2 27 24 27 2 27 2 8 0 13 33 31 0 13 1 30 1 2 9 33 8 33 27 2 8 32 22 32 22 32 33 9 
16 6 16 6 16 5 10 4 6 0 2 28 33 15 33 19 1 21 1 17 0 3 1 17 0 2 1 21 1 3 13 1 0 10 5 10 5 16 6 4 6 16 6 4 6 16 6 16 6 0 10 4 6 16 5 6 5 16 5 10 0 11 0 8 32 30 33 30 33 19 1 2 7 3 12 0 13 33 22 33 
7 3 1 19 33 32 18 32 2 0 19 1 7 1 2 13 0 17 1 19 33 20 33 26 29 33 28 2 7 2 32 29 23 27 23 33 18 32 31 0 4 0 7 3 7 1 30 32 30 33 30 32 23 33 23 33 31 32 30 33 13 2 7 0 5 16 6 16 6 5 10 5 6 5 16 6 4 10 4 6 
11 0 5 6 4 6 5 10 0 12 0 11 0 31 24 31 0 19 0 17 1 19 0 4 0 12 0 6 4 6 4 10 5 0 3 0 11 0 11 0 8 0 5 6 5 16 6 4 0 12 0 7 3 2 0 6 0 8 0 6 16 5 16 6 16 5 0 11 0 17 1 30 33 20 32 31 24 27 2 27 
0 3 0 8 32 22 33 9 33 30 1 7 3 2 7 1 19 33 23 25 24 27 24 31 0 13 2 13 33 26 29 23 27 2 0 7 3 0 5 10 4 10 0 4 6 16 6 0 31 33 23 32 30 1 19 0 12 3 0 1 0 2 13 1 13 0 19 1 13 1 30 32 2 28 2 7 1 0 7 0 
14 32 8 32 30 1 21 1 0 4 10 0 3 13 1 13 33 31 24 27 2 3 0 4 0 5 16 6 5 0 11 0 3 13 0 13 33 13 2 28 31 25 23 29 32 22 32 31 32 29 32 15 33 22 32 14 33 32 2 7 1 30 32 8 2 3 2 13 1 30 33 26 29 26 33 20 32 30 33 29 
14 32 29 23 32 30 33 28 31 33 27 2 3 1 21 1 30 33 15 32 22 32 23 27 2 32 18 33 27 23 33 26 29 32 20 33 31 25 31 24 25 23 32 33 19 1 19 0 31 32 22 33 30 32 30 33 26 29 26 33 23 32 29 26 33 9 33 23 32 8 32 22 33 29 23 32 30 33 14 32 
20 32 30 1 2 3 0 19 33 14 33 29 33 20 32 30 1 7 3 0 3 0 17 0 7 3 0 3 2 7 1 17 0 13 2 32 14 33 14 33 8 0 8 32 18 32 22 33 31 33 19 1 30 1 2 7 0 11 0 11 0 12 0 12 0 4 6 16 6 4 0 31 0 17 1 30 32 23 33 9 
27 2 28 31 0 4 0 7 0 4 10 0 6 5 16 5 0 2 28 31 25 31 33 22 33 26 33 30 1 3 7 2 0 1 13 0 5 16 5 16 6 5 16 6 0 17 0 5 0 2 0 3 13 1 7 3 1 30 33 14 33 23 27 33 14 32 31 32 2 3 12 3 7 3 1 2 3 13 2 27 
0 12 3 12 0 11 0 21 1 2 32 22 32 18 32 15 32 31 28 31 24 31 33 18 32 30 1 3 2 0 13 2 7 1 0 5 16 5 16 6 0 10 0 8 32 18 33 13 0 17 1 21 0 17 1 30 32 29 33 14 33 32 29 33 22 32 33 15 32 22 33 27 33 15 33 9 2 9 33 9 
10 0 31 25 23 29 33 8 0 4 6 0 4 0 13 33 8 0 2 9 33 9 2 7 0 3 12 3 0 12 0 13 1 13 1 30 33 13 2 9 2 27 24 31 0 19 0 6 5 16 5 10 4 10 0 8 0 5 10 5 0 8 2 1 17 1 0 19 33 15 33 31 24 27 24 31 25 24 25 23 
3 12 0 4 6 4 10 4 6 0 7 2 8 2 27 33 22 32 8 33 14 32 30 1 0 2 28 31 33 32 23 27 24 25 23 33 22 32 20 32 8 2 28 33 32 18 33 14 32 30 1 21 1 3 1 21 0 5 0 21 1 13 3 0 19 33 19 33 30 33 19 33 26 33 26 29 26 33 22 33 
9 33 31 0 31 24 27 33 32 8 2 1 13 0 11 0 7 1 2 3 2 13 3 1 13 1 21 1 30 32 2 28 33 22 33 29 26 33 23 25 23 32 15 33 32 23 32 22 33 26 33 14 32 18 32 30 1 7 0 5 6 0 1 2 1 2 28 2 32 15 33 26 29 33 9 2 27 2 7 3 
24 27 24 31 33 9 2 13 3 0 6 5 6 0 12 3 2 1 2 32 8 0 21 0 6 0 7 1 0 31 0 31 28 2 7 1 21 0 7 2 3 2 3 12 0 3 2 13 0 1 3 1 2 0 19 0 13 1 19 33 18 33 15 33 20 32 31 25 24 25 23 25 23 25 31 24 27 33 29 33 
19 1 19 33 22 33 15 33 27 2 8 2 0 6 5 0 12 0 6 5 10 0 11 0 3 2 0 11 0 5 10 0 12 3 1 0 10 4 6 0 1 21 0 11 0 6 16 5 0 11 0 5 0 5 0 5 6 16 6 0 13 0 6 5 6 4 6 5 6 0 3 13 2 1 2 13 1 17 1 2 
28 31 28 31 25 23 29 26 33 20 32 8 33 18 32 20 33 15 32 14 33 29 26 29 32 30 33 13 3 0 4 0 7 3 7 3 12 0 8 2 32 22 33 14 33 14 33 15 32 2 7 1 3 13 33 27 33 15 32 15 32 2 3 12 3 12 3 13 0 13 0 8 32 33 29 32 23 32 18 32 
29 23 25 31 33 23 29 33 32 30 33 31 25 31 28 33 29 33 31 25 23 29 23 32 23 32 33 27 33 29 23 29 32 18 32 8 2 0 8 2 9 2 0 1 21 0 10 5 6 4 6 16 6 5 0 6 0 2 9 33 20 32 31 24 31 24 25 23 25 23 29 32 31 0 1 17 0 7 0 7 
17 1 17 1 21 0 13 33 30 33 8 33 14 32 15 33 9 2 7 3 0 12 0 7 0 11 0 3 13 33 26 33 20 33 18 33 8 32 8 32 29 26 29 33 18 33 29 23 25 31 0 6 5 6 0 31 28 33 19 1 19 33 29 32 20 33 22 33 29 33 9 2 1 21 1 3 7 1 7 1 
11 0 7 3 7 3 12 3 13 33 27 24 27 23 29 32 15 33 20 32 20 33 28 33 22 33 9 2 9 2 9 2 7 0 1 13 33 27 24 27 2 13 2 1 21 0 1 13 33 9 2 8 0 11 0 31 25 31 24 27 33 9 2 7 3 1 3 7 3 7 0 1 13 2 3 12 0 1 3 12 
30 1 21 1 19 1 17 1 2 3 2 28 31 24 25 23 29 26 29 23 32 30 32 8 2 27 24 25 31 33 30 32 2 8 33 18 32 14 32 30 1 0 10 5 10 0 5 10 5 16 6 0 4 6 0 8 32 20 33 32 31 24 31 28 33 30 1 13 2 0 4 10 5 0 8 2 28 31 24 31 
8 32 15 32 23 32 30 33 23 33 14 32 22 32 22 33 31 24 27 23 25 24 27 33 20 32 22 33 9 2 7 2 27 33 26 29 32 30 32 18 33 19 1 7 1 21 1 0 10 5 0 8 32 23 27 2 13 2 1 7 1 2 7 1 30 33 31 24 25 31 33 31 24 25 24 25 31 28 2 7 
33 31 24 25 31 33 30 1 13 3 0 10 5 16 5 0 31 33 19 0 21 0 5 10 5 16 5 10 0 6 5 10 0 7 1 17 0 4 0 3 12 0 6 0 6 16 6 0 7 1 19 1 30 33 29 23 29 23 33 8 0 1 30 33 19 0 17 1 19 0 3 12 3 12 3 2 7 2 7 0 
15 33 19 0 6 0 8 32 18 33 32 20 33 26 29 26 33 20 32 33 13 33 30 32 20 33 23 33 9 2 27 24 27 23 27 2 28 31 28 2 27 33 31 0 13 3 12 3 12 3 12 3 12 3 12 0 19 1 3 2 0 19 33 29 33 22 32 30 1 7 1 19 1 2 1 21 1 7 0 4 
21 0 10 4 0 12 3 1 3 12 3 1 7 3 13 2 28 33 9 2 8 32 31 28 33 13 0 3 13 2 8 2 3 12 0 8 2 27 33 20 32 30 1 7 2 0 21 1 17 0 10 4 6 0 10 4 10 4 6 4 10 0 4 10 0 2 1 21 1 3 12 3 12 0 4 0 7 3 1 13 
22 33 8 2 32 18 32 20 32 30 1 7 3 12 3 0 11 0 8 33 13 1 3 12 3 0 4 6 4 10 0 3 13 33 14 32 8 32 31 32 2 9 2 9 2 1 7 1 19 0 6 5 0 10 4 6 4 10 5 16 5 16 5 16 6 5 16 5 0 7 0 17 1 30 33 22 32 8 32 8 
25 23 29 32 18 33 13 3 1 17 1 21 1 13 33 29 26 29 23 27 2 27 23 25 24 27 2 3 2 0 8 0 31 28 33 22 32 30 33 19 33 20 33 27 24 25 24 27 23 27 33 23 33 8 0 7 2 3 2 13 2 0 10 4 6 0 12 3 12 3 1 21 1 30 1 13 2 9 2 27 
31 32 33 18 32 31 32 29 33 30 32 29 33 27 23 27 23 27 23 25 24 25 23 29 26 29 33 15 33 22 32 22 32 31 32 23 25 23 33 14 32 18 33 27 24 25 23 32 22 32 31 25 31 25 24 25 31 28 31 33 31 25 31 33 8 32 31 28 2 13 0 3 0 21 1 19 1 0 7 2 
32 14 33 22 33 14 32 22 32 23 29 32 20 33 29 23 29 26 29 33 8 0 7 1 19 33 30 32 23 25 23 27 33 32 15 32 31 25 23 32 20 32 2 3 2 9 33 30 1 30 33 18 33 28 33 20 32 33 13 1 2 28 31 0 3 1 30 1 21 1 7 1 17 0 7 3 2 0 31 24 
4 0 31 0 17 1 21 0 4 10 4 6 16 6 4 0 12 3 13 2 8 2 27 23 32 29 26 29 26 33 15 32 20 33 30 32 31 0 13 33 22 33 8 0 11 0 5 16 6 4 6 0 4 0 6 4 10 5 6 16 5 6 4 6 5 16 6 4 6 4 6 4 6 4 10 4 6 0 4 10 
5 10 0 12 0 7 1 7 0 13 2 9 2 9 33 22 33 19 33 23 25 23 29 33 27 24 27 2 13 2 32 23 27 23 27 2 27 2 28 2 13 1 30 1 2 7 0 6 4 0 5 16 5 16 5 6 4 10 0 6 0 11 0 2 28 2 8 32 8 32 2 3 2 28 2 3 7 1 2 8 
7 1 21 1 2 9 33 28 33 22 33 18 32 8 2 0 4 10 4 0 2 28 31 33 26 33 31 33 20 33 8 33 30 33 30 33 22 32 15 33 29 23 27 33 32 29 33 31 28 33 23 25 31 24 31 25 23 27 2 27 33 13 2 27 2 32 31 33 30 32 23 29 33 28 31 33 9 2 8 2 
16 5 6 16 5 0 2 9 2 0 11 0 3 2 7 2 1 2 0 11 0 31 0 12 3 0 5 6 4 6 4 0 12 3 7 1 21 0 19 0 7 0 12 3 13 3 12 3 12 0 10 0 8 33 20 33 22 33 18 33 18 33 9 2 1 19 33 8 0 10 4 0 21 1 21 0 31 25 23 25 
18 32 8 0 2 32 8 0 7 2 0 8 0 19 33 29 23 33 26 33 20 32 31 24 25 24 25 31 28 2 3 1 0 4 6 0 1 2 28 33 14 33 9 33 26 29 26 33 29 33 31 33 8 2 13 2 27 33 27 2 3 2 3 12 0 5 10 5 10 4 10 5 6 0 4 0 12 0 4 0 
2 32 33 32 23 25 31 0 12 0 12 0 12 0 2 1 21 1 13 2 9 2 1 19 33 26 33 31 25 31 32 15 33 14 33 19 0 17 0 8 0 17 1 17 1 3 12 0 21 1 7 0 4 6 16 6 4 10 5 6 16 6 0 11 0 19 33 22 33 23 32 33 15 33 13 3 1 3 0 10 
12 3 2 0 6 16 6 0 12 3 13 0 1 3 0 4 6 4 0 7 2 13 2 3 0 7 3 0 10 0 3 12 0 21 0 7 3 1 7 0 2 27 2 32 30 1 3 13 2 7 0 31 28 2 27 24 31 25 24 25 31 25 23 27 33 32 23 25 24 31 33 20 32 20 32 31 28 31 0 10 
6 4 0 21 0 6 0 19 0 2 3 1 19 33 30 32 2 28 33 14 32 23 29 32 22 32 8 0 11 0 5 0 8 33 15 32 18 33 14 33 14 32 14 32 18 33 31 28 33 15 32 15 33 22 33 9 2 3 0 11 0 2 0 2 8 0 6 4 10 4 6 4 10 4 0 1 2 32 2 7 
1 19 33 29 33 30 33 9 33 20 32 20 33 18 33 30 33 8 2 7 0 1 3 0 4 6 0 6 4 6 0 11 0 3 12 3 12 0 13 1 7 0 1 7 3 0 19 0 12 0 7 2 1 13 2 3 2 7 3 13 0 2 9 33 19 33 31 33 32 29 32 29 32 33 27 23 25 23 25 23 
26 33 8 33 18 33 13 33 8 33 26 29 33 9 2 1 30 33 14 33 30 1 19 0 6 0 12 0 4 0 3 13 1 19 0 12 0 6 5 6 5 6 5 10 4 10 4 10 0 3 13 33 27 2 0 5 0 10 4 6 5 6 4 6 16 5 6 4 0 13 33 20 33 29 26 29 32 31 28 33 
23 29 26 33 13 0 12 0 21 1 13 2 9 33 22 32 30 32 31 33 29 33 15 33 30 1 0 17 1 21 1 7 1 17 0 5 6 5 0 11 0 13 0 31 33 30 32 15 32 33 26 29 23 29 23 32 14 33 22 32 8 2 0 7 1 21 0 12 3 12 3 2 7 1 13 33 31 33 32 30 
13 1 17 1 30 33 19 0 3 2 28 2 9 33 32 15 33 29 26 29 26 33 26 33 20 33 18 33 28 31 32 29 26 29 26 33 13 3 2 28 33 9 2 0 8 0 3 12 0 8 2 28 33 30 32 14 32 29 23 29 26 33 14 33 15 32 15 32 8 33 26 33 15 32 20 32 2 3 7 1 
4 10 5 10 5 10 4 0 13 1 17 0 7 3 0 10 5 0 5 6 4 6 5 6 4 0 10 0 5 16 6 4 6 0 2 7 1 17 0 2 8 0 17 1 3 2 8 32 2 1 21 0 1 30 33 9 2 32 31 28 31 0 3 13 1 2 27 33 14 32 29 32 33 26 29 23 25 31 28 31 
21 0 17 1 19 0 13 2 9 2 1 3 2 1 3 12 0 17 0 11 0 19 0 3 7 2 13 1 30 33 26 29 33 19 0 2 27 2 0 19 0 3 2 28 31 25 31 0 5 10 5 16 6 5 0 12 0 1 13 0 19 1 7 3 7 2 8 0 5 16 5 0 31 24 31 32 15 33 28 2 
17 1 30 1 19 1 13 2 28 31 25 23 25 23 27 33 29 26 29 33 30 32 2 32 8 32 15 32 2 1 7 1 0 8 0 5 16 5 16 5 0 8 2 32 14 33 18 33 18 32 33 22 32 8 32 33 29 33 31 32 18 32 31 24 31 0 31 28 31 32 14 32 23 29 32 8 0 19 0 8 
31 25 31 33 26 33 9 33 30 1 30 1 30 32 23 25 23 32 20 32 33 32 30 32 20 32 30 33 20 33 23 29 33 19 0 2 13 33 27 2 3 0 17 1 7 3 12 3 1 17 0 31 32 23 33 8 2 3 1 30 32 2 9 33 20 33 29 32 31 0 19 0 17 0 2 3 1 17 0 19 
3 1 3 1 7 1 7 1 17 0 4 6 5 6 16 6 16 6 16 6 4 0 19 33 28 33 14 33 32 33 28 31 32 22 32 23 27 33 29 33 27 33 8 32 15 32 22 32 2 3 2 8 32 2 32 8 0 8 0 7 2 3 7 1 13 0 1 13 3 2 28 33 29 23 32 22 33 26 29 23 
23 27 24 31 32 31 0 3 12 0 2 8 0 6 5 0 31 0 5 6 4 6 0 6 5 10 5 6 16 6 5 10 4 6 0 11 0 31 32 14 33 23 33 23 32 23 25 23 25 23 33 31 33 15 32 33 15 33 9 2 8 0 13 33 26 33 8 0 19 1 13 33 32 33 27 24 25 23 25 23 
5 6 5 6 4 6 5 10 5 16 5 6 4 6 4 10 0 5 6 16 6 16 6 16 5 6 0 3 2 28 31 28 31 32 2 0 5 0 2 1 7 0 6 5 10 0 6 5 0 8 33 29 33 30 33 19 1 7 1 17 0 17 1 2 28 33 32 15 32 30 33 13 0 12 0 8 2 3 2 28 
19 33 23 33 9 33 29 32 18 32 20 32 23 29 26 33 15 32 15 32 8 32 14 32 8 2 32 18 32 20 32 33 30 1 7 1 17 1 0 10 0 1 2 8 32 15 32 2 9 2 8 33 31 32 15 33 31 25 24 27 24 27 33 22 32 29 26 33 19 1 19 0 7 0 17 1 13 33 15 33 
14 33 18 33 15 32 29 32 33 20 32 8 0 31 25 23 25 31 25 23 33 23 25 23 32 23 29 26 33 31 33 29 32 2 13 1 17 0 1 19 1 7 1 19 0 5 16 6 5 0 31 25 31 25 24 31 24 27 33 32 15 32 33 26 33 22 32 15 33 32 2 0 4 0 11 0 8 2 8 33 
30 33 14 33 13 33 8 0 12 0 7 3 1 2 8 32 30 33 13 0 17 0 12 0 4 6 16 6 5 6 16 5 10 0 21 0 21 1 19 0 5 6 4 10 5 10 0 10 5 0 11 0 6 0 19 1 0 12 0 17 0 10 4 0 31 33 26 33 28 2 8 0 5 6 4 0 8 2 8 33 
15 33 30 1 0 3 12 3 12 3 7 1 13 3 13 2 0 7 0 2 27 33 31 25 23 32 31 24 27 23 32 29 32 33 30 1 2 7 2 13 1 30 33 14 33 8 33 29 26 29 33 14 33 14 32 22 32 18 32 15 32 23 29 26 33 29 33 27 2 32 18 33 26 29 33 28 2 13 1 19 
27 24 31 28 33 9 33 9 2 13 3 0 19 0 2 1 2 3 12 3 0 2 27 23 29 33 31 28 2 9 2 3 0 1 13 33 14 32 29 26 33 9 33 29 32 8 2 0 17 1 17 0 1 19 0 13 33 19 0 4 6 0 17 1 0 17 1 2 8 2 32 14 32 8 0 5 0 4 0 12 
20 33 29 33 28 2 8 33 26 29 32 30 32 18 33 15 32 14 32 31 25 23 33 15 32 2 3 13 2 32 33 8 0 1 7 0 8 2 7 3 12 0 2 28 31 28 2 9 2 3 7 2 8 33 32 20 32 22 32 30 33 13 2 0 12 3 12 0 19 1 0 17 1 17 1 2 3 13 3 1 
24 25 23 29 26 29 33 31 25 31 28 2 0 31 32 30 32 23 29 26 29 26 33 13 0 17 0 10 5 10 0 31 32 22 32 31 32 14 33 19 0 5 0 1 17 0 12 3 2 8 2 8 32 23 32 20 33 26 29 32 8 2 8 2 13 33 30 1 0 8 0 6 16 5 6 4 10 4 10 0 
33 32 22 33 18 33 26 33 20 33 23 27 2 0 13 1 13 1 7 1 3 2 32 18 33 18 32 18 32 8 33 20 33 30 32 29 23 33 23 33 28 31 0 2 13 2 27 33 19 33 29 23 27 33 18 33 15 33 13 33 26 29 32 15 32 8 0 1 2 1 7 1 3 0 6 16 5 16 5 6 
18 33 14 32 31 28 31 28 33 32 31 25 24 31 24 25 24 25 31 25 24 25 31 24 25 31 32 22 33 30 1 17 1 0 6 0 6 16 6 16 5 0 8 2 27 23 33 27 23 25 24 27 33 23 33 26 33 27 23 29 23 29 23 33 20 32 8 2 27 24 27 33 18 33 32 15 32 18 32 20 
10 4 10 4 10 0 31 0 10 4 0 1 30 1 3 12 3 2 9 33 31 33 19 33 15 33 15 33 9 2 28 31 0 19 33 8 33 29 33 23 32 23 25 23 29 33 9 2 27 23 29 32 14 33 30 1 17 1 30 33 20 32 33 13 1 30 33 13 3 0 6 0 11 0 8 2 28 2 8 32 
28 31 0 5 0 21 1 13 2 9 2 13 3 12 0 21 0 19 1 19 0 8 32 18 33 32 20 33 18 32 15 33 23 32 22 33 13 1 17 1 3 13 1 2 0 2 1 0 13 1 30 1 3 12 3 7 2 3 1 2 13 0 17 1 17 1 21 0 31 25 24 27 23 27 33 27 23 27 2 13 
12 3 2 8 0 10 0 13 2 27 23 33 15 33 30 1 2 1 21 1 13 2 13 33 28 2 32 14 33 8 0 6 5 10 0 1 17 1 2 0 11 0 8 32 18 32 14 33 14 32 2 27 23 25 31 28 33 31 25 31 25 31 28 33 9 33 13 0 6 4 10 0 19 33 23 32 15 32 14 32 
8 32 22 33 20 32 2 3 12 3 0 5 6 5 16 5 6 4 10 0 13 3 2 9 33 14 32 30 1 7 3 12 0 11 0 8 32 14 33 8 32 22 32 20 32 2 27 23 25 24 25 24 27 2 28 31 0 2 7 2 13 33 19 0 3 12 0 31 24 31 32 15 32 15 32 30 33 20 33 14 
13 2 0 7 0 3 2 3 2 9 33 22 33 13 0 7 1 19 33 14 32 33 18 33 29 23 25 24 31 24 31 33 19 1 19 0 1 7 3 1 2 7 0 12 0 13 33 8 2 9 2 27 2 13 0 10 0 19 0 31 24 31 32 22 33 13 0 5 16 5 16 6 5 16 6 5 6 0 19 1 
22 33 28 31 24 27 23 33 22 32 30 32 30 32 31 28 2 32 15 33 8 2 28 2 9 33 28 2 28 31 25 31 28 31 24 25 31 24 31 28 31 28 2 1 17 0 1 13 0 17 0 4 10 4 6 16 6 5 0 21 0 6 0 6 4 6 16 5 6 16 5 0 12 0 11 0 1 17 1 30 
7 3 0 6 4 6 4 10 0 31 32 29 33 29 26 33 26 29 26 29 26 29 26 29 26 33 32 2 32 15 33 8 0 10 4 6 5 10 0 11 0 21 1 0 12 3 2 32 22 32 8 33 20 32 30 1 21 1 3 2 7 0 8 33 19 1 17 1 19 33 28 33 14 32 20 33 27 33 13 2 
26 33 19 1 2 1 13 2 7 0 2 28 33 27 33 22 33 30 1 30 1 19 33 28 31 32 15 32 15 32 29 23 27 24 27 33 8 33 18 32 23 25 31 33 31 24 31 33 26 29 32 33 18 32 33 18 33 15 32 31 33 26 29 33 18 33 18 33 26 29 33 28 31 32 18 32 30 33 29 23 
29 23 29 26 33 26 29 33 14 32 30 1 30 1 30 32 2 3 1 0 11 0 2 28 31 28 31 28 33 30 1 30 1 0 4 10 0 8 33 23 27 24 27 2 32 30 1 7 3 0 7 2 28 33 31 28 2 8 2 32 14 33 18 32 30 32 30 33 9 33 20 33 26 29 32 30 1 3 2 32 
25 31 32 30 1 21 0 11 0 5 16 5 6 0 6 0 10 0 5 0 3 13 2 32 2 3 12 3 13 3 12 3 2 13 1 17 1 30 32 15 33 31 25 23 29 33 18 33 30 1 7 0 3 0 19 1 3 12 3 12 0 13 2 7 0 5 0 21 1 13 33 18 33 27 33 27 23 29 23 27 
1 3 1 21 0 13 2 1 2 27 2 13 33 8 0 2 1 19 33 30 33 28 31 24 31 0 8 32 22 32 31 32 2 28 33 9 2 27 33 8 32 20 33 23 33 30 1 7 0 5 10 5 6 4 10 5 10 0 10 5 6 5 0 5 10 0 5 10 0 7 3 1 7 2 0 11 0 31 25 23 
16 6 0 19 1 0 19 0 13 2 28 2 13 3 12 0 12 3 7 3 12 0 2 3 13 1 0 6 5 10 5 6 5 0 1 2 0 17 0 13 1 2 27 33 19 0 7 2 1 2 8 33 13 1 7 0 19 1 7 2 0 4 6 0 19 1 3 7 1 13 33 15 33 20 33 27 24 27 23 25 
2 3 2 3 2 8 32 18 32 33 28 2 1 19 0 11 0 7 3 2 8 33 28 33 32 30 33 23 25 24 31 33 23 33 15 33 13 2 27 24 31 33 23 32 30 1 2 27 23 29 32 23 33 8 0 3 1 21 0 7 2 7 1 21 0 7 2 32 20 32 22 33 32 31 32 18 33 32 23 29 
0 7 2 28 31 33 20 32 22 32 15 32 14 33 30 1 21 1 0 21 0 1 17 1 7 2 28 33 20 32 33 22 32 30 33 31 33 26 33 14 33 19 0 13 33 19 1 21 0 8 33 28 31 28 2 27 33 18 32 18 33 26 33 8 32 8 2 27 2 0 31 28 31 32 2 9 33 22 33 9 
11 0 10 4 0 11 0 3 13 0 10 5 16 6 0 31 33 15 33 19 0 10 0 5 6 4 0 8 2 1 0 8 0 31 25 24 25 31 0 19 33 32 15 33 32 30 1 30 33 19 0 19 0 7 1 2 3 1 13 0 8 33 23 25 23 27 23 32 31 33 23 33 18 32 14 32 22 33 28 33 
32 31 32 14 32 8 32 22 32 14 33 8 2 3 13 33 14 32 2 7 1 30 32 22 33 9 33 31 28 33 28 2 13 33 22 32 15 32 31 28 31 25 31 32 30 33 20 33 27 33 15 33 29 33 22 33 18 33 15 33 20 33 22 33 30 33 14 32 8 0 21 1 30 32 14 33 8 0 17 0 
6 16 5 10 0 19 33 22 33 18 32 33 26 33 22 33 28 2 13 1 0 17 0 12 0 7 2 1 3 7 1 30 32 14 32 14 32 23 32 15 33 15 32 23 29 26 33 13 1 13 3 7 3 7 0 17 1 21 0 19 1 30 33 26 29 33 9 33 14 33 30 1 30 1 3 13 2 32 20 32 
9 33 27 2 9 33 13 3 2 13 33 26 29 32 8 33 14 32 14 33 18 33 29 26 33 26 29 26 29 33 30 32 33 26 33 27 2 1 30 32 30 1 21 0 4 0 8 33 26 29 33 31 0 11 0 11 0 1 19 0 6 4 6 0 6 5 0 19 1 17 1 19 33 27 24 27 24 25 31 0 
23 27 24 25 23 32 33 28 2 32 18 33 19 1 21 1 19 33 30 33 15 33 20 33 20 32 18 32 31 32 2 8 0 1 30 32 22 33 28 31 0 4 0 2 0 13 2 32 33 31 33 13 33 32 31 28 31 32 23 32 18 32 23 33 27 33 14 33 28 31 28 2 3 2 3 2 28 31 28 33 
32 33 26 33 26 29 23 33 20 32 18 32 8 2 1 19 1 30 33 9 2 8 0 10 5 6 5 0 5 10 0 13 0 19 1 21 1 13 1 0 6 16 5 6 5 10 4 10 5 6 0 8 33 19 33 26 29 26 33 8 33 22 33 8 2 9 33 23 33 22 32 14 33 8 33 13 33 15 32 15 
14 33 26 33 28 2 3 2 32 22 33 32 2 9 33 28 31 28 33 18 32 14 32 22 32 18 33 23 32 31 32 14 33 18 32 2 13 33 8 2 3 7 1 30 33 20 33 18 33 29 32 22 33 9 33 18 32 30 33 23 25 24 27 33 31 33 13 1 30 33 27 24 27 33 32 22 33 28 33 23 
4 10 4 10 4 0 3 12 3 1 7 3 1 3 12 0 12 3 2 3 2 1 13 1 0 1 3 7 3 7 1 7 1 21 0 17 1 13 3 2 27 33 29 33 29 32 20 32 23 25 24 31 32 20 32 20 33 15 33 31 0 4 0 21 0 31 25 31 33 28 33 9 2 7 2 0 13 3 12 3 
26 33 29 33 30 32 18 33 29 23 32 2 3 0 17 0 12 0 3 2 9 33 32 2 32 23 25 23 33 20 32 8 2 3 7 1 17 1 21 1 19 1 30 32 8 0 12 3 1 13 2 27 23 33 15 32 14 32 8 2 1 17 0 8 32 18 33 29 33 14 33 22 33 30 1 3 1 17 0 1 
19 0 31 28 2 7 0 2 9 2 7 1 30 33 8 0 12 0 10 0 3 0 13 2 1 30 32 29 32 29 23 25 23 25 24 25 23 29 26 33 26 29 32 20 33 31 0 2 9 33 13 1 21 1 3 7 1 19 0 31 32 18 33 26 29 23 27 33 27 2 13 1 30 1 19 1 19 0 12 0 
33 15 32 29 32 31 24 25 23 25 24 31 24 27 33 26 29 23 32 31 32 31 0 7 2 32 2 9 2 9 33 32 2 13 33 20 32 2 8 33 14 33 31 24 31 24 25 23 33 22 33 15 32 2 27 23 32 2 7 1 3 2 27 23 29 26 29 23 33 28 2 7 2 8 32 14 32 2 0 10 
13 33 31 32 18 32 33 29 23 33 31 25 24 27 33 27 2 28 31 28 31 0 17 1 3 2 8 0 8 32 14 33 27 23 27 24 27 33 19 0 13 1 2 3 12 0 31 32 23 25 24 25 31 28 2 3 2 7 1 17 1 17 0 12 3 1 3 13 0 31 24 27 24 25 23 33 9 33 19 33 
22 33 22 33 28 33 22 33 22 32 22 33 32 8 32 14 33 9 2 1 19 0 1 19 0 1 3 13 0 11 0 3 1 0 1 30 1 30 33 31 0 12 0 5 0 7 0 5 0 11 0 7 2 1 17 0 4 10 5 10 0 31 32 15 33 13 3 12 0 10 0 3 12 0 6 5 0 17 1 19 
12 0 12 0 13 3 2 8 0 12 3 0 6 4 0 6 5 16 5 16 6 4 10 0 8 0 6 4 6 16 5 0 2 9 33 18 33 27 2 13 3 2 28 2 3 13 1 19 33 30 1 3 7 3 2 13 0 7 1 13 33 22 32 18 33 27 33 14 32 33 23 32 22 33 26 29 32 29 23 25 
30 32 2 28 2 7 3 7 1 0 8 33 19 0 1 19 1 3 0 6 4 10 5 10 4 0 13 0 6 5 0 31 28 2 13 0 1 13 0 12 3 0 31 0 3 2 8 0 2 3 1 13 0 10 5 10 0 13 1 17 0 5 16 5 0 7 0 21 1 3 13 3 7 0 31 28 2 9 2 0 
17 0 17 0 4 6 5 0 10 4 10 5 10 5 6 0 8 33 20 33 9 2 8 0 10 5 10 4 6 0 19 33 28 33 19 33 28 33 23 32 31 28 2 32 18 33 8 0 21 0 17 1 2 3 12 3 7 1 13 3 13 0 31 25 24 31 33 9 2 13 1 7 3 1 7 0 8 33 9 33 
8 2 32 31 0 13 33 19 0 10 5 16 5 10 0 31 33 20 32 15 32 29 33 19 1 21 1 21 1 0 7 3 7 3 1 30 32 31 32 31 0 13 0 7 2 32 23 29 26 33 15 32 20 33 26 29 33 8 2 8 0 7 0 13 0 2 9 2 27 24 31 33 18 33 27 23 29 32 2 28 
5 16 6 16 5 16 5 10 0 13 1 30 33 13 0 2 8 32 30 32 29 33 9 2 28 33 22 33 8 32 33 23 33 28 33 18 33 18 33 9 33 13 3 1 17 0 6 5 6 5 10 0 12 3 1 0 3 7 0 6 0 10 0 7 3 0 17 0 13 2 28 31 33 15 32 29 33 28 31 33 
6 5 10 4 6 0 11 0 19 0 5 0 5 10 5 16 6 5 0 10 0 12 0 31 24 25 23 27 33 32 2 9 33 18 33 19 0 10 4 0 4 6 0 8 32 22 32 30 1 17 0 4 0 10 0 4 6 5 10 0 7 1 30 1 13 0 10 0 13 1 2 0 11 0 3 2 0 8 2 3 
10 0 12 0 4 6 0 19 0 11 0 7 1 2 32 18 33 27 23 32 14 32 22 33 26 33 19 0 3 0 21 1 21 0 11 0 5 6 4 6 16 6 16 6 4 10 4 0 19 1 3 2 8 0 5 16 5 10 0 21 0 8 2 27 23 25 24 31 25 23 25 24 27 2 27 2 8 32 29 26 
16 5 0 2 13 33 29 33 8 2 27 23 29 23 33 27 33 15 33 23 25 31 25 24 31 32 23 25 31 24 25 24 27 33 18 32 14 33 31 28 2 32 18 32 30 32 23 29 32 18 33 13 2 1 19 33 20 32 29 33 13 33 27 33 27 33 13 1 2 28 31 32 31 32 8 32 20 32 23 25 
21 1 3 13 1 2 7 2 13 1 7 1 2 0 10 0 19 33 18 32 18 32 33 32 33 31 32 14 32 14 33 14 33 30 32 8 2 7 1 7 1 0 19 1 13 2 3 2 28 33 26 29 26 29 32 20 33 27 24 27 2 8 0 31 25 23 29 26 33 19 33 14 33 27 23 32 33 15 32 22 
2 9 2 13 1 7 0 17 1 17 1 13 2 1 19 33 28 33 8 2 1 30 33 19 1 2 0 17 1 30 32 30 33 32 15 32 15 33 8 32 23 27 2 32 20 33 28 2 7 3 12 0 17 1 0 21 1 3 13 1 7 0 17 1 13 1 0 12 0 3 2 7 3 1 2 32 18 33 14 32 
18 33 20 32 31 28 33 28 33 14 32 18 32 2 8 32 22 32 2 32 20 33 32 8 0 17 1 13 1 13 1 21 1 17 1 17 1 19 0 4 10 5 16 5 10 0 5 0 17 0 2 9 2 28 33 15 33 20 32 30 1 13 0 13 0 6 4 10 4 0 13 1 7 0 1 0 4 10 5 0 
7 0 7 2 1 21 0 4 0 4 0 5 0 3 1 7 2 28 2 28 33 18 33 19 0 11 0 21 1 7 0 11 0 8 33 31 28 31 24 25 31 0 8 0 13 1 0 11 0 5 16 5 6 0 17 1 17 0 17 0 11 0 5 6 5 10 5 6 5 6 0 3 2 9 33 15 33 29 33 32 
1 30 1 30 1 17 0 2 3 0 5 16 6 0 13 1 19 0 10 5 0 17 1 7 2 1 2 13 2 0 12 0 11 0 7 2 0 11 0 12 3 1 21 0 21 0 11 0 13 1 30 32 18 32 20 32 30 32 14 33 30 32 30 32 14 32 20 32 15 32 29 33 8 2 8 33 18 33 19 33 
24 27 24 27 2 1 21 0 1 0 12 0 7 2 7 3 13 3 2 8 32 33 31 32 29 32 8 0 12 3 2 27 2 27 24 27 33 19 0 7 3 7 0 1 13 2 27 33 22 32 2 1 0 12 3 12 0 13 0 31 32 18 33 28 31 24 27 2 7 1 3 0 11 0 11 0 12 0 1 13 
28 33 8 2 0 1 30 32 8 0 11 0 1 19 0 6 5 6 4 10 0 10 0 21 0 11 0 4 6 16 5 6 16 5 16 5 10 0 31 25 24 25 24 31 24 25 31 32 22 33 26 29 33 9 33 18 33 31 33 9 2 9 2 8 33 18 32 22 32 33 30 32 20 32 18 33 32 18 33 31 
27 2 0 13 1 21 0 2 8 0 7 3 13 1 21 1 17 1 3 2 1 19 1 30 1 17 1 3 12 3 12 3 2 1 2 13 0 5 0 2 32 14 32 22 33 30 1 19 1 0 2 27 24 25 31 24 27 2 9 2 27 33 13 0 11 0 5 0 13 3 12 0 13 3 1 19 1 19 0 4 
9 33 19 0 6 4 0 2 1 21 0 10 4 6 0 19 0 4 10 0 8 33 19 33 28 33 19 0 19 1 17 1 19 0 31 24 31 0 21 0 12 3 0 10 4 0 12 3 12 3 13 0 19 0 6 5 10 5 6 0 2 1 17 0 11 0 7 0 8 0 17 1 21 1 7 1 3 0 6 0 
11 0 6 4 0 12 0 5 16 6 0 21 0 21 1 17 1 17 0 5 10 5 10 0 7 0 21 0 7 3 7 1 0 5 6 0 10 5 6 16 5 10 0 13 2 7 1 17 1 19 1 3 13 3 2 3 1 17 1 21 0 10 4 10 4 0 11 0 31 0 31 25 23 33 30 1 21 1 13 3 
3 12 3 13 0 1 7 1 30 33 22 33 22 33 22 33 27 2 0 5 16 5 10 5 10 0 8 32 30 33 23 32 31 28 33 8 33 8 0 17 1 19 0 13 2 13 2 13 2 1 2 28 33 29 32 20 33 28 33 29 33 28 2 9 2 1 2 27 23 29 32 8 2 27 24 31 28 31 33 30 
31 33 18 32 30 32 22 33 14 33 20 33 9 33 23 27 23 29 32 29 23 29 26 33 23 33 30 1 17 1 17 1 2 0 21 1 21 0 21 0 19 0 3 7 2 0 17 0 6 5 0 3 2 32 2 8 32 8 33 15 33 23 33 29 26 29 32 31 25 24 27 24 25 24 25 24 31 0 1 17 
25 31 32 22 33 32 15 33 30 1 2 3 1 21 1 7 0 4 0 11 0 17 1 30 33 30 32 33 9 2 32 33 14 32 29 33 8 0 10 4 10 0 1 17 0 13 0 5 6 16 6 0 19 1 30 33 9 2 13 1 21 1 7 1 7 0 12 0 19 33 30 1 3 13 1 2 0 13 1 2 
29 33 30 32 23 25 23 25 24 27 23 33 26 29 33 15 32 29 26 29 33 18 32 2 28 2 13 33 22 33 30 1 17 0 11 0 31 0 17 1 30 33 23 29 23 27 24 27 23 32 29 32 22 33 9 33 13 33 27 24 27 24 27 2 27 23 29 23 27 33 19 0 17 1 19 0 8 32 14 32 
0 2 8 0 2 1 0 11 0 10 0 5 6 5 6 4 6 5 6 0 3 0 11 0 31 28 33 29 26 29 32 31 33 23 25 24 25 24 25 23 29 26 29 32 23 25 23 32 22 32 33 30 32 31 0 31 33 30 1 13 33 8 32 29 33 32 30 32 33 26 33 14 32 20 32 31 28 31 0 11 
20 33 19 0 7 3 0 3 12 3 1 21 0 19 0 1 0 11 0 11 0 7 3 12 3 7 1 0 5 10 5 16 6 5 16 6 0 19 33 20 33 22 33 13 3 12 0 31 24 27 33 20 33 23 33 13 3 7 3 12 0 12 3 0 1 2 13 3 12 0 7 3 0 1 19 1 19 33 28 31 
15 33 19 0 10 5 16 5 16 5 16 5 10 4 6 0 7 2 1 30 1 21 1 17 0 4 10 4 0 7 3 0 5 0 11 0 1 19 1 17 0 13 33 26 33 23 32 23 33 18 33 9 2 9 33 20 32 8 2 9 33 19 0 10 5 6 16 6 0 13 1 2 1 21 0 31 25 31 0 13 
13 33 18 32 33 8 2 3 2 1 2 32 14 32 20 33 32 29 23 25 23 29 33 30 1 30 32 15 33 23 25 23 32 18 32 23 32 31 24 31 0 21 0 21 0 2 32 22 32 29 33 26 33 23 32 18 33 27 24 27 24 31 25 24 25 31 25 23 29 32 8 33 28 33 32 31 24 27 2 3 
1 2 7 1 17 1 2 0 4 6 16 6 5 6 5 16 5 10 4 6 5 0 5 0 2 1 30 32 23 27 24 27 33 8 0 4 6 0 5 0 1 17 1 7 3 7 1 3 1 2 8 32 18 33 9 33 20 33 8 0 8 33 26 29 32 30 32 23 33 27 33 32 15 32 30 32 29 33 19 1 
19 0 12 3 13 1 3 0 7 2 27 23 25 24 25 24 25 23 33 31 32 14 33 23 33 30 1 17 0 11 0 3 1 13 2 7 1 21 0 31 0 12 0 21 1 2 32 2 7 0 13 1 30 1 30 1 2 0 8 33 27 33 18 32 2 1 7 3 7 0 21 0 2 27 2 9 33 19 1 0 
25 31 0 13 3 7 0 13 3 1 30 1 17 0 11 0 2 13 1 21 1 30 1 21 1 0 2 28 33 22 32 18 33 27 23 29 32 31 0 12 0 2 8 0 10 4 10 5 16 5 6 5 0 4 10 4 6 16 5 0 13 2 7 3 1 7 3 1 19 1 13 2 3 1 17 0 6 4 0 13 
17 1 30 33 31 25 23 25 23 29 23 29 26 33 32 18 33 14 33 23 25 24 27 23 32 18 32 22 32 8 32 14 32 2 3 0 3 13 1 13 33 29 23 25 31 24 27 23 32 31 33 26 29 23 33 15 33 23 33 29 26 29 32 22 33 8 32 29 23 33 22 32 29 33 14 32 14 32 31 25 
10 4 0 2 13 2 9 2 32 8 2 32 18 33 13 0 2 32 20 33 14 32 8 0 8 0 10 4 6 4 6 4 0 2 8 33 13 33 8 32 8 0 13 2 7 2 3 7 0 7 2 3 13 3 12 0 21 1 13 2 0 2 7 0 1 30 33 13 1 21 1 3 12 0 3 12 3 0 11 0 
7 3 1 13 3 13 0 19 33 27 2 13 1 21 0 12 3 1 2 27 2 32 15 32 2 3 2 13 33 22 32 22 32 23 25 31 32 29 33 30 32 15 32 29 33 9 2 13 3 2 28 33 14 32 23 27 23 27 24 25 24 27 33 23 33 31 33 9 33 22 32 20 33 32 31 33 18 32 33 8 
31 24 27 33 14 32 30 33 15 33 9 33 30 1 2 32 14 33 31 28 2 32 20 32 22 32 18 33 26 29 23 25 24 27 2 0 7 1 21 1 19 33 9 2 32 33 28 33 23 32 23 25 24 27 33 8 2 8 0 11 0 31 33 9 33 14 33 19 0 11 0 6 5 0 3 0 11 0 8 2 
29 33 30 33 14 32 31 33 31 24 27 33 32 15 32 23 33 20 33 13 1 7 2 7 1 2 0 1 30 33 23 32 18 33 30 33 15 33 28 31 0 6 5 6 4 0 13 1 3 7 2 7 1 13 2 28 2 28 2 28 33 23 27 33 28 2 0 6 5 0 21 0 8 0 17 1 19 0 17 0 
0 19 33 9 2 0 11 0 6 16 6 5 10 0 17 1 3 1 17 0 3 7 2 0 21 1 7 0 21 0 19 33 23 25 31 28 33 29 23 33 15 33 22 33 18 33 9 2 7 3 2 28 31 28 2 27 2 13 3 0 2 8 32 23 25 31 24 27 33 23 29 33 13 2 32 8 2 1 7 0 
30 1 7 0 19 33 8 0 12 3 2 32 18 33 19 1 21 0 2 7 2 7 2 1 30 1 2 27 2 13 33 13 1 7 1 7 1 2 9 2 32 15 33 15 32 8 33 30 32 31 28 31 0 8 2 13 0 13 3 13 2 1 3 1 21 1 17 0 17 0 12 0 3 13 3 13 3 1 13 33 
20 32 29 23 29 32 30 1 13 3 7 3 13 1 21 1 30 33 26 33 31 33 9 2 1 19 0 19 33 13 3 7 0 2 28 31 32 31 33 14 33 31 28 31 32 20 33 14 33 28 33 19 1 7 3 12 0 4 6 0 21 1 3 7 2 3 0 8 32 18 32 22 32 8 33 32 23 33 19 33 
9 33 23 27 33 27 2 1 2 3 7 1 2 1 30 1 30 32 14 33 30 33 32 22 32 14 32 33 23 29 32 8 32 15 32 30 32 14 33 19 33 15 33 22 33 20 33 14 33 13 1 17 1 0 10 4 10 4 0 1 7 3 12 0 12 3 13 33 22 32 20 32 30 1 19 33 30 32 29 32 
16 6 4 6 0 21 0 31 28 2 13 0 11 0 10 5 16 5 10 4 10 4 6 5 0 7 3 0 10 5 16 5 16 5 0 10 5 0 5 6 4 6 5 16 6 0 7 3 2 8 33 30 32 29 33 9 2 32 29 32 2 8 33 22 32 2 7 0 7 1 7 3 1 19 0 19 33 8 32 8 
33 28 2 7 1 21 1 3 2 9 2 0 1 0 1 17 0 13 1 13 3 0 12 3 12 3 0 12 0 2 13 2 0 13 3 2 13 1 17 1 19 0 2 0 5 16 5 16 5 6 4 6 0 4 6 5 10 0 7 2 7 3 7 1 17 1 19 1 30 1 30 33 20 32 23 32 15 33 22 33 
6 16 6 5 16 6 4 6 16 6 0 11 0 8 2 27 2 13 33 23 29 23 32 30 33 19 33 22 32 2 3 13 2 27 24 25 31 24 27 33 9 2 8 33 23 33 20 32 8 32 18 33 28 2 28 2 27 2 1 30 1 3 12 3 12 3 12 3 7 3 2 7 3 12 0 5 10 0 8 0 
27 2 1 21 0 12 3 0 31 24 25 23 29 26 33 23 27 23 27 2 1 3 13 3 12 0 1 21 0 13 33 26 33 19 33 13 33 22 33 22 32 33 19 33 30 32 29 33 9 33 14 33 8 0 19 0 3 7 3 2 3 0 13 33 31 25 23 25 31 25 31 33 30 33 27 24 25 31 25 31 
26 33 27 33 26 33 13 1 19 33 9 33 18 33 20 33 32 15 32 30 1 30 1 7 2 7 1 19 1 7 1 0 8 32 30 33 29 23 25 31 25 31 25 24 27 2 28 31 28 33 26 29 32 30 32 33 30 32 30 1 30 1 19 33 32 15 32 18 33 22 32 30 1 7 1 2 8 0 1 2 
32 23 25 31 25 23 33 30 32 14 33 8 2 32 20 32 31 28 31 0 10 4 10 4 0 6 5 6 5 16 5 10 0 17 1 2 32 23 27 24 27 23 29 23 25 24 31 33 15 33 23 32 22 33 27 23 29 23 29 32 18 33 29 33 22 33 26 33 22 32 29 23 29 33 15 33 15 32 31 32 
4 0 21 0 19 0 17 1 30 32 15 32 8 0 4 0 19 0 3 7 3 12 0 13 33 22 32 8 0 4 10 0 10 5 6 4 10 0 8 0 3 12 3 1 3 2 9 33 30 32 15 33 15 32 29 23 25 23 32 29 32 31 24 25 24 27 23 32 8 0 1 30 33 23 32 22 33 28 2 8 
12 3 12 0 7 0 21 1 3 1 3 12 3 12 0 5 6 4 0 1 0 1 0 5 16 6 0 11 0 8 32 33 13 0 12 0 19 0 19 33 8 0 8 0 11 0 13 0 5 16 6 4 0 2 27 2 13 33 29 23 27 33 19 1 13 33 22 32 31 25 31 0 7 0 5 6 4 0 13 0 
8 2 32 31 25 23 29 23 25 31 24 31 28 2 9 33 28 2 13 2 32 29 23 33 22 32 20 32 8 33 28 33 22 33 18 33 15 33 22 32 31 0 5 10 4 0 1 3 2 32 14 33 31 25 24 25 31 24 27 2 13 3 7 1 19 33 23 32 14 33 26 33 13 0 2 8 32 15 32 31 
24 27 2 7 1 2 1 0 1 0 6 4 10 5 16 5 10 0 3 2 32 23 32 33 31 32 29 26 29 23 29 26 29 32 18 33 23 32 22 32 23 25 24 25 24 31 32 8 32 22 32 20 33 8 33 20 32 33 14 33 8 0 7 1 30 1 19 33 15 33 27 23 32 20 33 29 23 27 23 25 
2 28 31 24 27 24 31 0 6 0 12 0 19 1 19 0 8 33 19 0 10 0 5 0 13 0 13 3 1 17 1 7 1 7 1 17 1 19 0 4 10 5 16 6 4 0 5 6 4 10 0 21 1 17 1 30 1 0 17 0 5 6 4 0 7 3 2 28 31 0 11 0 2 28 2 28 31 25 31 32 
23 29 23 25 24 27 2 3 12 3 2 1 17 0 17 0 4 10 5 6 16 6 5 0 13 2 1 2 7 3 1 2 28 2 7 3 0 12 0 10 0 6 4 6 16 6 0 17 1 2 9 33 14 32 20 32 18 32 18 33 13 0 3 1 19 1 17 1 3 0 5 0 10 0 6 5 16 6 5 10 
15 32 29 32 22 32 20 33 28 2 13 0 6 5 16 5 10 4 6 16 5 16 6 0 21 0 13 33 32 23 25 23 29 33 20 33 29 26 29 33 20 33 26 29 32 30 33 20 32 31 24 31 24 31 25 31 24 31 25 31 24 31 28 2 13 3 7 0 31 0 19 1 17 1 0 21 1 13 1 30 
5 6 0 1 30 33 15 33 31 24 25 31 24 25 23 27 2 28 2 3 13 3 12 0 17 0 12 3 7 0 17 1 7 2 3 7 1 2 8 33 28 31 33 32 20 32 14 33 28 33 14 33 15 33 27 2 0 11 0 31 24 25 31 28 33 13 0 10 4 0 5 6 0 31 25 24 31 25 24 25 
3 13 3 13 2 32 31 0 5 6 16 6 4 10 0 11 0 8 32 18 33 29 32 2 0 19 0 4 6 0 12 3 12 0 21 1 30 32 33 27 24 25 23 29 26 29 33 31 32 31 32 8 2 7 1 13 33 28 2 7 0 13 33 28 2 7 1 2 13 33 15 32 14 33 18 33 22 33 27 24 
22 32 31 32 30 33 32 29 32 23 25 24 27 33 22 32 15 32 29 33 19 1 7 3 2 0 13 33 22 32 2 1 19 33 19 33 32 23 27 24 27 23 29 32 30 1 30 1 7 0 8 33 9 33 8 32 29 26 33 23 32 30 1 7 1 7 1 19 0 12 3 7 3 13 33 27 23 27 23 27 
28 2 32 22 33 29 23 29 26 29 23 29 26 33 26 29 26 33 15 33 14 32 30 1 2 8 2 27 24 25 23 33 15 32 20 33 15 32 22 33 28 31 28 33 13 1 2 0 4 6 4 10 0 19 33 14 32 33 8 33 9 2 32 15 33 28 2 8 33 14 32 20 33 27 33 8 32 18 32 2 
11 0 17 0 7 2 1 30 1 19 33 14 32 20 32 8 0 12 3 13 1 17 1 30 1 2 8 32 2 0 8 33 29 32 2 1 30 32 2 27 2 27 23 29 32 29 33 29 32 18 32 23 25 23 29 33 14 32 2 0 3 13 3 1 13 0 12 3 12 0 12 0 2 3 1 19 1 13 2 28 
14 33 20 32 20 33 23 33 19 0 3 0 7 2 32 29 33 28 33 15 33 32 2 28 2 9 33 23 32 20 32 20 32 18 32 15 33 26 33 27 33 20 33 32 15 33 28 31 25 31 32 18 32 22 32 20 33 15 32 29 23 25 24 31 28 31 25 31 0 5 0 12 0 19 0 6 4 10 0 5 
18 32 31 24 31 25 31 0 13 2 1 19 1 19 0 21 0 5 0 31 24 25 23 32 30 1 0 6 4 10 0 19 1 17 1 17 1 21 0 1 13 2 13 0 6 5 10 4 6 0 4 0 5 0 17 0 13 2 9 33 28 31 24 25 23 33 19 1 3 13 3 7 3 13 1 2 0 31 33 29 
21 1 13 2 7 3 0 31 0 4 10 0 1 19 0 10 5 6 16 5 0 7 3 1 21 1 17 0 7 2 0 1 19 1 13 0 5 6 16 6 0 17 0 10 0 3 7 1 21 0 4 0 21 0 3 2 0 19 0 3 2 13 2 0 4 10 0 11 0 31 24 27 24 31 33 22 33 26 33 31 
19 1 13 1 2 32 29 26 33 19 33 32 33 31 32 23 27 24 27 23 25 23 27 23 27 24 31 25 23 29 32 33 22 33 13 3 0 1 0 2 0 19 1 19 1 13 33 30 32 18 33 22 32 20 32 18 33 13 33 23 33 9 33 14 32 15 33 27 2 7 1 13 33 20 32 23 27 2 1 17 
28 33 28 2 9 2 1 0 5 0 13 2 8 0 1 17 0 8 33 8 2 8 0 19 33 26 33 32 14 32 29 32 22 32 30 32 20 32 31 33 13 0 5 16 5 16 5 10 5 6 16 5 16 6 16 6 5 10 4 0 2 3 1 7 3 0 19 1 17 0 3 0 4 0 13 0 11 0 6 5 
30 32 18 32 30 32 30 32 33 31 0 4 10 4 6 0 21 0 3 0 3 2 3 1 0 12 0 10 0 12 3 0 10 0 13 1 21 1 2 9 2 27 23 29 23 27 23 25 23 32 20 32 8 32 20 33 23 25 24 25 23 33 28 33 13 33 13 1 30 33 29 26 33 22 33 9 2 13 0 6 
1 30 33 22 33 27 23 27 23 25 31 25 23 25 23 25 23 33 22 32 31 25 24 27 2 0 17 1 2 8 0 4 6 0 4 0 31 24 31 32 8 0 19 33 32 33 19 33 29 33 22 32 8 33 13 0 7 0 19 33 30 32 31 32 22 33 22 33 23 33 30 33 28 2 1 30 33 8 2 27 
10 4 0 1 7 1 3 7 0 8 33 32 22 32 33 19 33 19 0 1 19 1 19 0 12 3 0 5 16 6 5 10 4 0 4 6 5 0 11 0 11 0 19 0 17 0 8 2 1 17 0 8 33 30 33 23 25 31 28 2 9 33 31 32 18 32 20 32 2 9 33 19 0 5 10 4 0 12 0 6 
15 33 9 33 19 1 2 32 33 23 27 2 28 31 25 24 25 23 27 23 27 23 29 32 22 33 32 31 28 33 9 2 13 2 3 7 2 1 2 9 33 20 32 20 32 30 32 29 23 27 23 27 2 3 0 12 0 31 25 31 32 18 32 2 0 8 0 3 0 1 30 32 15 33 15 33 22 32 20 32 
11 0 21 1 2 0 31 33 32 31 28 33 14 33 31 25 24 31 28 31 32 20 33 29 32 8 32 14 33 22 33 23 33 29 23 32 18 33 20 33 30 33 29 33 15 32 8 0 5 16 5 16 5 6 0 4 6 16 6 0 12 3 12 3 12 3 12 3 1 21 0 21 1 19 33 31 25 23 32 8 
0 13 33 20 32 33 18 33 22 32 31 0 4 10 5 6 5 10 0 10 5 6 0 8 33 28 2 3 0 4 10 4 10 0 5 16 5 16 5 6 0 21 1 13 0 13 33 26 33 30 32 18 33 26 29 26 33 23 33 32 2 28 2 8 32 15 32 23 33 20 32 15 32 2 28 33 18 33 19 1 
13 3 13 0 5 10 0 10 5 10 4 0 1 13 0 19 1 21 1 19 33 22 33 20 32 14 32 29 32 23 32 31 28 31 25 23 33 19 0 4 0 19 0 5 0 21 1 30 33 26 29 33 18 33 27 24 25 31 28 31 25 31 28 33 26 29 23 33 27 33 18 33 18 32 2 28 2 9 33 23 
8 33 29 33 30 32 14 33 27 33 27 23 29 26 29 33 20 33 9 2 0 10 5 10 4 0 10 0 2 27 2 1 3 2 13 2 28 31 33 20 33 27 33 15 32 33 23 32 15 33 22 33 13 2 28 31 24 27 24 31 33 31 32 2 3 12 0 5 0 8 0 5 10 5 6 4 0 13 0 10 
33 23 33 8 33 14 32 22 33 18 32 2 27 24 25 23 29 23 33 26 33 26 33 31 33 32 8 33 8 33 20 32 29 23 33 14 32 2 32 20 32 18 33 31 25 31 28 31 24 25 31 32 8 32 31 33 18 33 23 27 2 9 2 27 2 1 30 32 33 18 33 14 33 15 33 22 33 20 32 14 
29 33 28 33 31 28 31 32 18 32 22 32 30 1 0 31 0 2 3 1 2 32 15 33 26 29 32 33 26 33 19 33 29 32 23 33 13 2 8 33 28 31 28 31 33 14 33 27 23 25 23 29 23 32 33 23 32 23 29 23 29 23 25 23 33 32 18 32 20 32 23 25 31 24 27 24 25 31 32 20 
5 6 0 12 3 2 0 6 5 0 17 1 21 1 19 1 19 33 28 33 15 32 18 33 15 32 23 25 23 25 23 25 31 33 20 33 14 32 18 33 32 30 32 18 32 33 27 33 26 29 23 33 29 23 33 22 33 19 1 13 3 7 3 1 3 0 1 3 1 17 0 12 0 6 16 6 0 19 33 20 
22 32 30 32 14 32 29 26 33 20 32 23 29 33 18 32 20 32 29 23 33 13 1 3 1 30 33 32 2 7 2 1 7 1 0 1 19 1 2 32 33 18 33 26 29 23 32 29 32 23 27 2 0 2 13 2 28 31 32 30 1 19 1 0 8 2 9 33 9 33 30 33 26 29 23 29 26 33 30 1 
3 7 1 0 6 16 6 0 11 0 17 1 3 13 33 22 33 8 33 18 33 22 32 33 26 29 32 33 22 32 29 26 29 32 30 32 20 33 23 29 23 32 2 13 33 29 33 29 26 33 26 33 23 33 29 23 27 2 32 22 33 26 33 28 31 24 27 23 29 26 33 19 1 17 0 19 1 0 19 33 
31 33 29 26 29 33 13 1 3 7 2 3 7 0 19 0 5 0 17 0 6 4 0 11 0 11 0 17 0 19 33 31 33 9 2 0 6 16 5 6 5 10 5 0 13 2 9 2 1 19 1 13 2 32 18 32 30 33 31 33 26 33 32 14 33 18 32 8 33 8 0 10 0 12 0 3 2 27 24 31 
12 3 7 1 13 0 6 4 6 5 0 21 1 19 1 3 0 6 0 17 0 21 1 0 31 32 22 33 23 32 18 33 28 31 25 24 25 31 32 30 33 27 33 15 33 29 23 32 22 32 29 33 18 32 33 27 23 25 31 25 23 29 26 29 23 25 31 25 23 27 2 0 5 10 0 2 3 0 1 30 
24 25 24 27 24 27 33 9 33 23 27 23 33 26 29 32 20 33 13 33 8 32 29 23 33 23 32 2 1 7 2 0 5 10 5 0 5 16 5 10 5 0 7 3 1 7 2 1 13 2 9 2 3 0 6 5 6 5 10 0 8 0 1 3 0 13 0 8 33 22 33 13 2 1 19 33 14 32 30 1 
32 14 32 31 32 14 32 33 26 33 31 28 33 20 33 18 33 26 33 31 33 27 33 9 2 0 8 2 1 30 32 8 2 0 4 10 5 0 5 16 6 16 6 4 6 16 5 10 5 10 5 10 5 10 5 0 2 8 0 2 27 23 32 8 0 2 13 33 30 1 21 0 21 0 5 6 16 5 10 4 
26 33 23 33 22 32 8 32 29 33 23 33 19 33 8 2 3 7 0 13 2 9 2 32 23 32 20 32 2 0 6 16 5 16 6 4 10 0 19 1 0 5 0 4 6 16 6 0 19 33 20 32 33 14 32 30 1 17 0 12 3 12 0 13 0 11 0 6 16 6 16 6 4 6 4 10 0 1 7 1 
18 33 28 2 13 3 7 3 7 3 1 30 32 2 7 1 30 32 15 32 33 15 33 29 23 32 29 32 2 3 2 1 21 0 7 3 7 1 19 0 6 5 16 6 16 6 0 2 1 21 1 13 3 0 13 1 7 3 2 27 33 26 33 19 33 22 32 2 13 3 13 2 32 8 33 20 33 13 3 2 
23 25 23 27 23 25 24 31 33 26 29 33 20 33 29 32 33 27 23 29 26 33 28 2 7 2 28 33 32 8 2 0 8 2 7 1 7 0 6 4 0 12 3 12 3 13 1 17 1 21 0 1 0 31 28 2 27 23 29 32 2 27 24 31 0 7 0 17 0 31 33 28 2 0 6 4 6 4 6 5 
14 32 33 13 33 29 26 33 9 33 8 33 9 33 22 33 26 29 26 33 13 3 12 0 3 13 1 7 2 1 7 3 1 0 10 0 10 4 0 17 0 3 1 30 33 9 33 13 2 8 2 3 0 4 0 17 1 3 2 8 32 30 1 3 2 8 0 10 4 0 13 1 2 7 3 7 1 7 3 0 
2 27 23 29 32 8 2 13 0 12 0 31 0 3 2 13 1 17 1 3 0 13 3 2 27 33 30 32 18 32 31 24 25 31 32 33 32 14 33 26 33 23 33 14 33 32 8 32 29 33 32 20 32 33 8 0 10 0 19 1 13 0 2 8 0 5 0 10 0 17 0 3 13 0 3 12 0 11 0 6 
21 0 1 17 0 6 16 5 16 5 6 4 0 3 2 3 2 32 31 33 18 33 30 32 18 33 29 26 29 23 25 23 25 24 31 28 33 29 33 18 33 26 33 9 33 26 33 27 2 27 33 27 33 29 23 27 33 27 2 32 30 33 23 33 18 33 18 33 28 2 9 33 15 33 26 33 27 23 27 33 
4 10 5 10 0 5 16 6 16 6 5 0 19 33 19 1 19 1 19 33 28 33 30 32 33 31 24 25 23 25 31 32 31 32 20 33 29 32 22 33 15 32 31 25 31 32 33 20 32 31 33 14 33 31 25 31 28 2 32 22 33 23 25 24 31 0 21 1 17 1 3 12 3 13 2 27 33 22 33 29 
6 16 6 16 6 16 6 4 0 8 2 7 0 12 0 13 0 7 3 0 17 0 7 2 28 31 25 31 28 33 23 29 23 32 2 3 13 33 8 32 23 29 33 28 33 8 0 2 7 2 28 31 25 23 25 31 24 31 28 31 0 13 2 7 2 28 33 8 2 1 21 0 6 4 6 4 6 0 17 1 
27 24 27 33 22 32 31 25 31 32 8 2 7 3 12 3 12 0 11 0 5 6 0 10 0 5 0 21 0 31 25 23 25 23 25 24 27 33 15 33 13 1 0 11 0 7 2 3 2 28 31 33 31 33 9 2 32 15 33 27 2 3 1 0 10 4 0 3 1 2 8 0 12 0 17 1 0 10 5 16 
9 2 7 2 1 7 3 13 33 26 33 14 32 15 32 31 28 31 32 8 0 8 0 7 3 1 17 1 19 0 17 0 31 32 30 1 0 13 1 3 2 0 31 25 24 25 23 32 2 1 21 1 13 0 6 0 3 0 17 1 3 7 1 3 2 28 31 32 8 2 9 33 9 33 22 32 8 0 1 2 
17 0 1 19 33 32 2 0 31 32 31 24 25 31 24 27 23 27 24 25 31 0 7 1 17 1 21 1 30 1 3 2 13 0 6 4 10 4 10 0 10 4 6 16 5 6 5 0 5 0 21 0 17 0 5 16 5 6 4 6 5 16 6 5 10 5 0 2 13 3 1 0 19 1 0 5 6 0 17 1 
7 0 3 2 13 2 9 2 0 2 27 2 7 2 32 22 32 14 33 13 0 7 3 7 0 7 3 0 12 3 13 0 6 5 16 5 0 3 12 3 0 10 5 16 5 0 8 32 22 33 32 22 32 30 32 23 27 2 28 33 26 33 31 0 11 0 4 10 4 0 11 0 11 0 7 3 7 1 7 1 
20 33 19 33 20 33 32 22 32 33 13 33 23 33 13 1 17 0 2 32 30 1 17 1 0 1 0 6 5 10 4 6 16 5 6 4 6 5 16 6 4 10 4 6 4 6 4 0 5 16 5 16 6 5 10 5 6 0 12 3 2 13 1 19 1 17 1 19 33 14 32 15 33 29 32 14 33 8 2 9 
25 24 27 2 28 33 14 33 31 25 31 24 31 25 24 27 2 32 29 33 28 31 25 24 31 24 27 2 28 2 8 33 14 33 28 31 25 31 24 27 33 27 24 31 25 31 0 21 1 21 0 17 0 17 1 19 1 2 0 7 0 4 6 0 1 13 0 21 0 31 32 20 32 23 33 31 25 23 25 23 
16 6 4 6 4 6 5 16 6 4 0 17 0 11 0 5 16 6 16 6 5 16 6 5 0 12 0 12 0 8 33 23 32 31 24 27 33 9 33 27 23 25 23 33 18 33 13 1 3 12 3 7 2 1 13 3 0 13 0 5 16 5 0 13 1 0 2 1 3 12 3 12 3 13 2 0 11 0 4 0 
17 0 7 1 3 13 3 12 0 21 0 5 6 4 0 17 1 3 1 3 2 13 2 28 31 33 13 1 13 33 9 2 3 7 1 30 1 21 0 11 0 1 21 0 3 1 3 7 0 11 0 8 32 23 32 18 33 18 32 14 32 29 32 29 32 33 31 32 2 7 3 12 0 17 1 13 2 3 2 8 
4 0 11 0 21 1 19 33 14 33 9 33 31 33 28 31 24 25 23 33 20 32 31 33 30 1 7 0 17 0 6 5 16 6 4 0 8 0 4 0 19 1 21 1 3 7 3 2 3 0 5 16 6 0 10 5 16 6 5 16 6 4 6 5 16 5 0 4 0 10 0 21 0 10 0 11 0 10 4 6 
7 1 19 33 8 0 11 0 5 6 16 5 6 16 6 4 6 0 2 13 1 17 1 17 0 4 6 16 5 0 13 1 0 8 0 2 9 2 0 31 28 31 32 22 32 22 32 20 33 23 27 2 7 2 1 7 3 13 2 28 2 0 21 0 10 0 1 3 12 0 10 5 6 5 10 4 0 3 12 0 
28 31 0 10 4 6 5 10 4 10 4 0 10 4 10 5 16 5 16 6 0 31 24 31 0 17 1 2 7 2 32 30 32 30 1 3 13 0 10 0 13 3 13 3 13 2 9 33 13 33 9 2 32 31 25 23 32 30 32 29 23 27 23 33 32 23 32 23 32 15 32 23 33 22 32 23 29 32 20 32 
22 33 9 33 32 20 32 8 32 20 32 20 32 30 1 30 1 7 0 17 1 2 1 3 13 0 6 16 5 10 4 0 19 33 31 33 13 3 2 13 2 0 2 13 0 7 1 19 33 18 32 31 33 31 28 2 1 7 1 3 12 0 11 0 4 0 17 0 8 2 27 24 25 24 27 2 13 33 22 33 
11 0 5 0 8 32 22 32 29 26 29 33 31 32 2 1 13 0 4 6 0 13 2 27 24 25 23 33 30 32 22 32 2 28 2 1 21 1 21 1 0 10 5 0 31 32 15 33 19 0 1 0 21 1 3 2 1 13 0 4 0 21 1 3 0 12 0 1 21 0 2 0 19 1 13 2 0 6 5 0 
15 32 29 23 27 2 7 3 2 8 33 22 32 29 32 14 33 29 26 33 19 33 29 26 29 23 25 23 27 24 27 24 25 24 31 28 33 8 2 0 8 33 23 29 23 27 33 28 2 8 33 15 33 32 20 33 31 32 15 32 8 33 18 32 22 33 30 33 9 33 30 33 28 2 8 0 10 4 6 4 
13 33 14 32 30 33 27 24 25 23 32 14 32 20 32 8 0 13 0 6 0 3 2 32 18 32 33 8 33 22 32 33 19 33 18 33 9 33 23 25 23 32 15 33 31 32 8 33 27 33 20 32 18 33 30 1 30 1 30 32 15 32 2 7 1 3 1 7 3 7 0 8 32 31 33 8 0 13 2 0 
18 33 19 33 8 33 19 1 2 9 2 13 1 0 17 0 21 0 13 33 29 26 33 30 33 15 33 22 33 23 25 24 27 24 27 24 31 28 33 15 33 20 33 30 1 19 33 31 25 24 27 2 8 2 3 1 17 0 1 19 33 22 32 23 33 30 32 18 32 23 32 22 33 18 32 8 0 6 5 0 
29 23 29 23 32 22 33 9 33 30 1 3 13 3 1 13 2 8 32 33 27 33 27 33 30 32 23 29 33 19 0 19 33 22 32 33 27 23 29 32 30 32 18 32 2 0 19 0 17 0 19 0 31 33 9 33 29 26 29 23 25 23 33 15 32 31 28 2 3 13 33 23 29 23 33 13 2 0 17 1 
8 0 10 5 0 1 0 11 0 6 5 6 16 5 0 31 33 8 2 0 8 2 9 2 32 18 32 15 32 8 33 26 33 27 2 7 0 6 4 6 4 6 16 5 6 4 0 3 0 6 16 5 10 0 19 1 21 1 13 3 12 0 12 0 8 33 30 32 23 25 31 32 20 33 29 26 33 31 25 24 
25 31 0 5 10 0 31 32 18 32 18 33 30 32 15 32 29 26 33 8 2 13 3 1 7 1 17 1 13 0 5 0 11 0 11 0 7 1 2 1 19 33 14 33 9 2 0 10 0 1 30 1 30 1 13 1 3 7 0 7 2 9 33 22 33 22 32 18 33 9 33 30 33 30 33 23 32 20 32 8 
3 7 0 10 0 11 0 10 4 10 0 19 1 0 10 0 11 0 7 1 30 1 0 19 1 7 2 27 23 29 32 14 32 29 32 8 0 17 1 2 27 2 13 1 30 1 17 1 7 1 0 13 0 31 25 31 24 25 23 25 31 0 12 0 1 21 1 13 1 30 1 7 2 3 1 17 1 17 1 30 
1 2 1 19 33 8 32 20 32 18 32 20 32 30 1 19 33 23 33 13 1 3 1 3 2 9 33 9 33 18 33 15 32 31 25 23 33 22 32 23 32 15 33 26 33 20 32 33 8 2 27 33 13 0 2 13 33 32 15 32 22 32 2 32 8 2 27 33 26 33 32 20 33 8 0 31 24 27 33 27 
5 16 5 10 4 10 5 6 0 11 0 13 2 28 31 25 24 25 31 32 31 25 23 25 31 0 1 2 28 2 27 33 20 32 15 33 15 32 14 33 32 8 0 10 5 10 5 0 31 0 11 0 12 3 7 3 12 3 0 2 13 1 21 1 7 0 10 4 6 4 6 16 6 4 10 5 0 21 0 2 
12 3 1 19 33 30 33 27 33 18 32 18 32 23 27 33 18 32 31 0 4 6 0 31 28 31 0 12 0 19 1 7 1 17 0 10 5 16 6 5 6 16 5 10 0 2 28 33 30 33 19 0 11 0 4 6 0 5 10 0 21 0 17 1 3 12 3 7 0 5 0 19 33 22 32 2 32 23 33 13 
6 5 16 5 16 6 16 5 6 4 0 17 0 4 10 4 6 5 16 6 16 5 6 16 6 0 12 0 12 3 7 2 1 21 0 8 32 22 32 18 33 20 32 15 32 18 33 15 33 30 1 3 2 8 33 15 32 20 33 27 23 27 33 23 32 18 32 18 32 33 29 32 8 32 2 13 1 2 13 3 
26 33 18 33 8 32 2 27 24 31 32 20 32 14 32 20 32 2 13 1 30 33 31 0 12 3 2 32 30 32 2 7 1 19 1 3 2 28 2 13 2 8 32 22 32 30 1 0 10 0 6 4 10 4 6 5 16 6 5 6 0 7 3 13 2 1 3 13 2 9 33 31 0 19 0 2 32 14 32 14 
32 22 33 14 33 8 33 19 1 7 0 31 28 2 7 1 3 7 0 13 2 0 3 7 2 32 2 8 32 30 1 13 2 28 2 28 2 7 3 1 13 2 13 3 12 3 7 0 3 7 0 12 0 8 2 7 2 3 0 6 4 10 4 10 5 10 4 0 19 1 17 1 0 7 3 7 1 2 7 3 
2 7 1 0 6 16 6 16 6 0 11 0 3 0 6 0 1 13 3 13 1 21 1 17 1 21 0 10 5 10 5 6 5 10 5 10 4 10 0 31 28 2 0 19 1 3 0 7 0 10 4 6 4 10 4 10 5 16 6 16 6 16 5 10 4 0 2 3 12 0 1 13 0 1 2 8 2 0 12 3 
9 2 9 2 28 2 9 2 32 2 1 2 8 33 14 33 8 33 15 33 15 33 20 32 14 33 22 33 19 1 30 32 31 24 25 23 27 33 31 32 33 14 33 19 0 7 1 3 0 5 6 16 6 4 10 5 0 7 0 5 16 5 10 0 8 0 31 28 33 14 32 2 28 31 28 2 7 1 0 6 
24 27 2 32 22 33 9 33 23 32 14 33 28 33 15 33 31 33 27 2 3 12 0 8 32 18 33 22 33 9 2 8 33 31 32 15 32 15 32 33 15 33 29 32 23 29 23 33 15 33 23 29 33 32 22 33 27 2 28 2 28 2 0 5 16 5 10 0 1 30 32 30 1 2 3 7 3 2 32 22 
21 1 21 1 19 0 31 33 15 32 18 33 30 32 20 32 8 33 30 1 0 11 0 21 0 31 32 29 33 31 25 23 32 15 33 13 2 0 31 24 31 24 31 24 27 24 31 32 29 23 25 31 24 31 24 25 31 24 25 24 31 33 18 33 22 32 22 32 2 32 31 28 31 25 24 27 24 31 33 27 
19 1 30 32 31 33 9 2 28 2 9 2 28 33 27 24 27 33 30 1 30 32 15 33 13 2 32 20 32 22 33 19 33 14 33 28 33 13 1 19 0 12 0 3 0 31 24 25 31 0 13 0 19 0 5 6 0 1 21 1 21 1 21 0 6 5 10 0 5 10 0 1 7 3 2 27 23 33 15 32 
23 33 22 32 20 33 29 32 22 32 15 33 28 33 13 33 30 33 14 32 8 0 8 0 10 5 10 0 21 0 21 0 8 2 9 2 9 33 31 33 29 26 29 32 20 33 29 33 15 32 20 33 8 0 12 3 7 1 30 33 26 29 33 32 15 33 26 33 31 32 18 32 20 32 22 32 15 32 23 29 
30 33 26 33 32 8 0 19 33 23 29 32 33 31 32 33 8 32 8 33 20 33 9 2 28 2 9 2 27 23 33 15 32 30 33 9 33 27 2 3 7 2 3 12 3 7 3 12 3 7 0 5 6 5 6 5 10 5 6 5 6 0 4 6 16 5 6 16 6 5 6 5 10 5 6 16 6 0 1 30 
0 17 0 7 0 11 0 10 5 16 6 0 12 3 7 3 1 3 2 8 2 1 3 1 0 1 17 1 13 1 13 1 13 2 1 21 0 11 0 11 0 21 0 12 0 5 10 0 10 0 5 0 13 1 19 33 22 32 14 32 2 32 22 33 13 1 30 32 22 32 14 33 26 33 18 32 8 0 1 0 
14 33 15 33 29 33 29 23 32 30 1 13 1 0 8 2 32 14 33 26 29 32 31 24 31 25 24 25 23 32 2 13 2 1 19 0 12 3 2 9 2 27 23 33 29 32 18 32 23 32 20 32 2 32 18 33 26 33 13 1 13 2 28 33 27 23 25 24 31 0 13 3 0 7 0 21 1 13 2 9 
16 5 6 16 6 16 6 16 6 16 5 0 12 3 7 0 3 12 0 4 0 21 1 0 6 4 10 0 13 2 7 0 31 24 31 33 29 32 22 32 8 32 18 33 14 33 14 33 31 0 4 10 5 6 0 5 10 5 16 5 10 0 31 28 33 31 0 13 3 13 0 8 32 33 28 33 26 33 14 32 
27 33 22 32 22 33 14 32 22 33 15 32 14 33 32 20 33 8 33 27 33 23 27 23 25 23 25 23 32 23 33 30 32 22 32 14 32 2 7 3 7 1 0 12 0 12 0 12 3 2 8 33 29 23 33 9 2 28 31 0 21 1 7 0 8 2 8 32 30 33 19 0 2 1 2 13 1 19 33 18 
33 29 32 18 33 22 32 2 32 18 32 15 32 14 32 23 29 26 33 9 33 22 32 14 33 29 32 29 26 33 32 22 32 31 24 25 23 29 26 33 30 32 2 0 3 1 17 0 3 7 2 32 14 33 22 33 26 33 15 33 30 1 21 1 2 7 1 2 8 2 27 2 8 0 13 33 22 32 29 32 
31 32 14 33 18 33 28 31 32 23 32 14 32 30 32 8 32 20 33 28 33 20 32 23 29 26 33 32 2 0 1 30 32 31 33 15 33 28 31 28 2 8 2 3 2 28 31 28 31 32 23 25 31 24 25 24 25 24 25 23 25 24 25 31 33 9 2 28 2 7 3 0 8 33 26 33 15 32 23 32 
20 33 22 33 27 24 31 32 15 33 15 32 14 33 14 32 22 32 15 32 31 0 6 4 0 13 3 1 13 3 2 3 12 3 13 33 19 33 32 2 7 3 7 0 12 0 13 1 13 0 12 3 13 3 13 1 30 32 20 33 14 32 33 26 33 14 32 29 26 33 27 24 27 23 25 24 31 24 27 2 
10 5 0 3 2 0 31 33 26 29 26 29 33 26 29 23 32 23 29 32 31 28 2 1 7 0 5 6 16 6 0 31 28 33 32 18 32 8 33 22 32 8 2 13 1 13 0 8 2 1 21 0 19 1 19 33 20 33 22 32 29 23 29 23 33 15 32 14 33 26 29 33 30 32 20 33 23 32 33 28 
18 33 29 33 9 33 20 32 22 33 30 33 28 2 3 0 21 1 17 1 21 1 7 3 0 3 13 1 0 2 9 2 9 33 14 33 22 33 13 33 19 0 3 7 1 17 1 19 1 7 1 19 1 30 1 19 0 11 0 1 13 1 30 1 30 32 29 33 26 29 23 29 26 29 32 8 0 11 0 21 
8 32 22 32 23 29 26 29 33 20 32 2 28 33 20 32 15 33 9 33 13 1 3 2 3 1 2 32 31 24 27 23 32 18 32 30 32 15 33 19 0 19 33 23 32 30 1 19 1 7 3 0 5 10 0 31 24 31 24 31 25 24 27 2 13 1 30 32 30 32 18 32 30 1 7 0 5 16 6 16 
17 0 7 0 8 0 31 0 1 17 0 19 1 0 21 1 7 3 1 30 33 29 33 31 24 27 23 27 23 27 24 31 24 27 33 31 24 27 33 31 32 18 32 20 33 18 32 18 33 27 2 27 33 9 33 18 32 20 33 15 32 8 0 6 4 6 4 10 0 8 33 19 33 19 33 23 27 33 14 32 
10 4 0 1 21 1 3 2 8 32 22 32 29 26 33 32 20 33 13 3 0 8 0 1 2 8 0 3 12 0 17 0 8 32 15 33 9 2 27 2 32 22 33 20 33 14 32 33 19 33 27 23 25 31 25 24 25 31 24 25 23 32 2 0 21 0 17 0 4 6 4 0 17 0 3 0 5 10 5 10 
5 6 0 2 3 12 3 13 0 11 0 5 10 0 6 4 10 4 6 4 10 0 3 7 3 7 2 9 2 0 17 0 12 3 13 0 5 0 17 0 19 0 10 4 6 0 8 32 31 33 9 2 7 0 8 0 10 0 31 28 33 18 32 23 29 33 30 33 9 33 30 32 2 7 0 5 16 6 0 3 
31 28 31 28 33 22 32 33 28 31 25 31 32 2 0 8 32 20 33 22 32 33 23 32 2 28 33 20 33 26 33 9 2 27 24 25 24 31 28 31 32 29 26 29 32 2 28 31 32 20 32 8 32 22 33 20 32 29 33 31 33 15 33 20 33 23 32 15 32 23 27 33 30 33 23 33 19 0 21 0 
4 6 4 6 5 10 5 16 5 6 5 16 6 16 5 6 0 2 8 0 4 0 10 4 10 0 21 1 3 2 13 3 0 5 10 4 10 4 10 4 0 4 6 0 1 13 0 10 0 4 10 4 0 4 10 5 6 5 0 31 33 28 2 7 2 8 32 23 29 23 25 31 0 5 10 0 4 6 5 16 
7 1 17 1 21 1 7 0 5 10 0 19 33 32 29 33 19 33 23 27 24 25 24 25 31 33 23 25 31 25 31 28 2 3 7 0 4 6 16 5 0 1 17 0 1 3 1 0 7 1 21 1 17 0 21 1 3 13 2 27 2 3 0 11 0 13 33 32 8 32 33 14 33 28 31 33 29 32 23 27 
21 1 2 28 33 26 29 32 14 33 15 32 29 33 26 29 26 33 23 27 24 25 31 25 31 32 33 32 29 26 29 33 9 2 32 23 27 23 32 31 28 2 9 33 20 32 30 33 29 23 33 18 33 30 33 20 32 20 33 14 32 30 32 22 33 19 33 14 32 29 32 30 32 30 32 2 1 2 27 33 
26 29 23 25 23 27 24 31 33 23 33 20 32 22 32 29 26 33 13 1 2 0 10 4 6 5 10 4 10 4 10 0 19 33 28 33 32 2 0 17 0 17 1 2 3 2 7 0 12 0 31 33 9 2 3 0 1 0 5 16 6 16 6 4 0 5 16 6 4 6 5 6 16 5 0 12 0 21 1 0 
12 3 12 0 19 1 2 27 33 18 33 22 33 23 32 2 13 0 19 1 30 32 2 3 7 3 12 0 12 0 2 28 31 28 33 18 33 18 33 14 32 2 1 21 0 17 1 13 3 0 2 13 33 32 2 0 3 12 0 19 1 7 2 3 7 1 17 0 6 0 6 16 5 0 17 1 2 27 33 32 
13 3 1 13 3 12 3 2 28 31 0 10 4 6 0 4 0 10 4 10 4 10 0 17 1 30 32 18 32 33 23 29 23 25 24 27 24 27 33 28 31 0 2 1 30 32 22 33 20 33 20 32 22 32 14 33 9 2 3 1 21 0 10 0 8 2 7 3 12 0 1 3 2 1 0 8 2 9 2 8 
11 0 3 7 3 0 2 0 17 0 6 5 10 0 5 16 6 5 10 5 0 4 6 0 7 0 11 0 31 24 31 32 23 32 8 2 7 2 0 19 33 31 25 23 27 24 25 31 25 23 27 2 32 30 1 30 32 20 33 14 32 22 32 33 29 32 33 26 29 26 29 23 32 30 32 33 26 33 19 1 
25 23 29 23 27 23 25 24 27 33 22 32 33 14 32 22 32 29 23 33 29 26 33 26 29 33 19 1 21 1 21 1 7 0 4 6 0 3 7 2 32 15 32 20 33 23 32 30 33 18 33 27 23 27 2 27 33 20 33 29 23 29 32 8 0 21 0 17 0 6 5 6 4 0 8 33 18 33 9 2 
1 3 12 0 6 5 10 0 11 0 10 0 19 1 17 0 2 9 33 30 33 27 23 32 2 3 13 2 1 7 1 19 33 14 32 8 33 32 14 32 22 32 30 1 17 1 30 1 17 0 5 10 0 2 8 2 9 33 28 31 24 25 24 25 24 31 0 3 7 1 13 3 13 1 17 0 19 1 0 4 
2 27 24 25 23 32 8 33 19 0 11 0 8 33 15 32 30 32 2 27 33 28 31 28 33 8 0 17 1 7 1 0 7 1 19 1 13 3 12 3 13 3 1 7 0 1 19 33 26 29 32 15 32 23 29 32 31 24 27 33 18 33 30 32 33 28 31 25 23 25 24 27 2 7 3 2 32 33 20 32 
24 27 33 8 33 19 1 7 1 13 1 0 19 0 5 6 16 6 16 5 16 5 10 0 1 19 0 31 33 31 25 23 29 33 20 32 14 33 27 23 29 32 31 32 18 32 15 33 27 2 3 12 3 12 3 12 3 1 21 0 17 0 12 0 19 1 0 2 3 1 17 1 7 1 30 32 23 25 23 33 
0 7 2 8 2 7 2 32 31 32 20 33 14 33 23 29 33 32 31 0 3 1 19 1 30 1 30 1 17 1 0 4 6 0 6 16 6 4 6 0 2 8 32 8 2 27 23 29 32 31 25 24 31 0 1 30 33 18 33 30 33 13 3 12 3 0 13 3 12 0 6 4 0 31 0 6 4 10 0 12 
20 32 31 24 31 25 31 24 27 24 31 25 31 24 27 33 19 33 32 29 32 33 9 2 0 7 0 5 10 4 0 21 1 3 13 2 28 33 8 0 6 16 6 5 6 5 0 6 5 6 5 10 5 6 16 6 5 10 4 0 7 0 3 12 3 13 1 17 1 0 17 0 12 0 3 7 0 31 0 10 
15 33 13 0 7 1 30 1 7 3 0 17 0 4 10 4 6 5 16 6 5 10 4 6 4 0 4 10 5 6 4 6 16 5 10 5 6 16 6 0 6 16 5 16 6 0 11 0 2 8 2 32 33 20 33 28 31 24 31 28 31 25 23 33 22 32 2 3 2 28 33 29 33 23 25 24 27 23 25 31 
23 32 30 1 21 0 31 33 20 32 18 33 9 2 1 21 0 21 1 21 1 21 0 6 5 10 5 16 6 4 10 5 6 0 31 24 25 23 29 33 14 32 15 32 30 32 23 29 33 19 33 32 23 29 23 25 31 28 31 33 28 31 32 33 14 33 20 33 31 33 30 1 0 11 0 4 0 11 0 1 
29 26 33 28 33 8 0 3 12 3 13 33 22 32 22 33 27 33 9 2 27 2 3 0 6 4 6 16 5 0 13 1 13 1 13 0 6 0 17 1 17 0 19 33 8 33 18 32 30 33 27 24 25 24 27 2 9 2 8 2 27 2 27 23 27 24 25 23 33 23 33 23 27 2 32 22 33 31 32 14 
28 33 30 33 32 23 32 31 24 25 31 25 31 32 8 2 0 11 0 12 0 6 0 6 0 11 0 10 5 10 5 16 5 6 16 5 10 0 31 33 9 33 26 33 9 2 27 2 32 31 25 23 25 31 25 23 27 33 15 32 2 1 17 1 3 0 8 32 8 0 4 6 0 12 3 2 9 33 28 2 
19 33 27 2 3 0 8 32 18 33 15 32 30 33 18 32 20 32 33 26 29 26 29 26 33 30 1 19 0 8 33 13 1 21 1 0 1 3 12 0 2 9 2 27 23 27 24 27 24 25 23 29 23 29 32 30 32 31 33 22 32 20 32 20 32 14 33 13 1 17 0 8 33 8 33 15 33 29 33 8 
3 7 2 0 3 13 3 2 13 2 28 2 13 0 6 4 10 0 8 32 23 29 33 30 33 29 23 27 33 13 0 4 0 10 4 10 0 10 0 7 2 3 13 33 8 33 9 33 13 3 2 7 1 0 6 5 10 0 2 9 33 28 31 28 31 24 31 33 15 32 31 0 2 3 12 3 7 3 0 5 
22 32 14 33 27 24 25 24 25 23 33 28 2 8 2 1 17 0 7 2 1 30 33 27 33 27 24 27 24 25 23 33 18 33 29 26 33 22 33 15 33 15 33 31 0 11 0 5 16 6 0 7 1 30 33 30 33 26 33 14 32 29 32 30 33 20 32 18 33 9 2 27 24 27 2 9 2 27 2 3 
32 31 33 27 23 33 18 32 22 32 29 26 29 23 25 31 24 31 33 18 33 9 33 13 1 0 17 0 10 4 10 0 13 1 21 1 19 1 19 0 17 1 30 33 23 33 9 2 28 33 31 25 24 31 32 29 23 27 23 33 27 24 25 31 0 3 0 2 27 2 13 2 9 2 8 0 2 32 33 32 
33 27 33 30 33 32 18 33 29 23 32 31 24 31 0 10 4 10 5 16 6 16 5 16 6 16 5 0 10 4 6 5 10 0 6 0 10 5 16 6 4 10 4 0 31 25 23 33 18 32 22 32 14 33 14 32 22 32 30 1 17 0 1 30 1 17 0 13 2 0 10 0 1 13 2 7 2 3 12 0 
9 2 0 10 4 10 4 0 11 0 6 16 6 5 16 6 4 10 5 10 5 6 0 13 1 21 1 13 2 9 2 7 2 7 3 0 11 0 31 24 31 25 31 24 25 23 29 23 32 22 32 22 33 8 2 28 33 18 32 29 26 33 32 30 33 9 33 29 32 29 32 2 8 2 8 2 9 2 27 24 
14 33 26 29 23 25 24 25 31 33 13 3 12 0 8 2 13 3 0 2 27 24 27 24 25 24 31 0 3 7 3 0 19 0 19 1 13 2 3 0 31 32 2 7 2 13 3 0 2 9 2 8 0 6 5 6 5 6 16 5 6 0 5 6 16 6 5 10 4 6 16 6 16 5 6 4 10 0 12 0 
6 0 12 3 13 0 10 4 10 4 6 5 0 5 10 5 16 6 16 5 0 13 3 12 3 1 13 2 32 29 26 33 18 33 20 32 29 26 33 26 33 22 33 20 32 30 1 7 0 5 6 4 0 7 2 3 1 0 7 0 11 0 31 32 33 8 33 30 1 0 2 3 12 0 21 1 2 27 24 31 
16 6 0 5 16 6 5 10 0 17 1 13 2 0 19 0 31 24 31 28 33 28 33 23 25 24 25 31 32 14 32 33 26 33 29 23 32 23 27 24 27 33 22 33 29 26 29 32 33 28 31 25 23 32 31 32 15 32 8 32 22 32 23 27 2 3 13 0 2 1 0 13 2 28 33 27 23 29 23 32 
27 33 18 33 23 27 24 25 31 24 27 33 13 1 3 13 0 21 0 1 2 8 2 9 2 9 33 8 0 7 3 1 7 0 2 0 11 0 3 13 3 2 9 2 0 7 1 21 0 31 32 20 32 18 32 20 33 28 31 0 10 5 16 5 16 6 5 10 5 10 0 5 6 4 0 1 19 33 18 33 
30 32 23 25 24 27 2 0 11 0 17 1 13 2 13 1 2 13 1 21 1 3 2 28 31 25 23 33 27 24 25 31 33 31 25 24 31 24 25 23 33 19 33 31 32 18 32 8 0 19 1 2 32 18 33 29 33 18 32 31 28 2 32 23 27 2 0 17 0 13 0 31 25 24 25 23 27 24 31 33 
1 3 0 4 6 16 6 16 6 16 6 16 6 16 5 10 5 10 0 4 6 4 6 5 0 12 0 19 1 13 0 7 1 2 13 33 13 33 8 2 7 1 30 32 15 33 26 29 26 33 30 32 20 32 8 0 3 0 19 33 14 32 2 7 0 1 7 3 7 3 2 28 2 28 2 0 5 16 5 0 
8 33 30 33 28 2 0 3 1 19 33 29 33 22 32 20 32 29 23 25 23 29 32 31 0 2 27 24 25 24 31 33 8 2 7 2 0 19 1 17 1 17 0 19 0 2 0 7 0 31 32 30 1 19 1 21 1 7 1 21 1 2 13 1 3 2 1 0 4 6 0 11 0 3 2 3 12 0 4 6 
15 33 29 33 15 32 20 32 15 33 23 27 23 25 24 27 23 32 31 25 24 31 33 20 33 20 32 29 23 29 33 32 29 32 23 29 26 33 23 29 23 29 26 33 31 0 1 17 0 2 1 0 2 8 0 5 6 16 5 6 5 6 16 6 5 6 5 0 10 5 10 0 17 1 7 0 3 7 0 1 
23 32 2 7 1 30 33 32 22 33 27 23 25 23 32 18 32 22 33 30 33 29 26 33 20 32 23 32 29 33 20 33 23 29 23 27 33 15 32 2 32 2 8 2 27 24 31 32 20 32 31 28 2 28 33 8 33 18 32 31 28 31 25 23 27 33 31 0 2 8 0 3 1 19 1 2 1 0 19 0 
31 0 17 1 21 1 2 0 12 3 0 1 7 2 3 12 0 21 0 5 0 1 3 7 1 13 2 1 17 0 19 33 14 32 18 32 14 32 33 26 29 26 29 33 15 33 30 1 21 0 12 3 2 3 7 0 17 0 11 0 4 6 0 2 7 3 2 13 33 31 33 28 31 33 13 33 23 32 14 33 
29 32 2 7 1 21 1 19 33 9 2 7 2 32 2 3 1 19 0 1 7 2 9 2 9 33 20 33 18 33 18 32 18 33 32 29 26 29 26 29 26 33 29 32 20 32 18 33 19 0 8 33 19 0 3 13 3 0 4 10 5 6 0 4 10 4 10 5 0 2 7 1 19 0 5 16 5 0 6 0 
7 3 7 2 13 33 26 33 26 29 26 29 33 18 33 13 1 30 32 29 33 32 30 32 23 25 31 25 24 25 23 29 26 29 33 20 33 30 33 26 33 22 32 18 33 30 32 30 1 17 1 3 13 3 12 3 2 13 2 7 3 2 1 30 1 30 32 20 33 15 33 27 33 27 33 26 33 29 26 33 
3 12 0 6 5 16 6 0 2 28 31 24 25 31 32 14 32 15 32 18 32 8 33 31 32 14 32 33 14 33 29 32 31 33 8 32 8 32 14 33 13 0 7 0 6 0 21 0 10 0 4 6 0 19 33 15 33 22 32 15 33 18 32 30 32 15 33 31 24 27 23 25 23 25 23 25 31 33 31 25 
30 32 8 0 6 16 6 16 5 16 5 0 11 0 7 1 17 1 17 0 13 0 8 0 2 3 0 17 0 31 28 33 9 2 28 2 7 0 6 16 6 0 13 3 2 27 23 25 31 32 29 32 31 32 31 33 28 33 32 23 29 33 31 32 31 24 31 0 5 0 1 7 1 2 8 2 8 32 18 32 
12 0 11 0 17 1 17 1 0 6 0 4 0 31 24 25 31 24 31 25 31 33 8 33 15 33 15 33 9 33 8 32 20 32 22 33 27 24 25 23 29 33 14 33 29 26 33 23 32 31 28 33 9 33 30 1 13 1 19 0 21 1 17 0 31 33 27 24 31 28 33 22 33 19 33 18 33 27 24 31 
13 2 13 3 12 3 13 2 28 33 31 25 23 25 23 32 22 33 32 22 32 23 25 23 25 23 25 24 31 33 9 2 7 0 12 3 0 11 0 31 0 7 1 17 1 17 1 17 0 8 2 9 2 3 12 3 0 3 2 13 33 19 33 9 2 27 33 22 33 30 33 18 33 20 33 27 23 27 2 1 
17 0 19 0 7 1 19 1 21 0 8 2 27 24 31 25 31 32 14 32 15 33 8 32 18 33 28 33 8 32 8 0 17 1 30 1 0 17 1 17 0 3 1 21 1 21 1 30 32 2 27 2 3 2 7 3 7 2 27 33 22 33 29 26 33 13 1 19 33 31 33 20 32 18 33 26 29 32 2 0 
10 0 8 33 26 33 20 33 14 33 28 31 32 20 32 30 1 7 2 7 0 11 0 4 6 16 6 16 5 6 4 10 5 6 4 10 0 21 0 31 24 25 31 0 10 0 21 0 6 16 5 10 4 10 0 11 0 4 10 4 0 4 0 6 4 6 4 10 4 10 5 6 4 10 5 16 5 10 4 6 
27 33 8 33 32 22 33 30 32 30 33 29 23 25 24 31 28 31 0 4 0 31 32 22 32 23 29 32 33 13 0 19 33 13 1 19 33 29 33 27 2 28 2 0 1 19 0 6 5 10 5 6 4 0 8 32 14 32 23 33 22 32 8 0 3 2 0 13 1 17 0 11 0 12 3 12 3 0 8 33 
0 21 1 17 1 30 33 29 23 25 24 25 24 27 24 31 32 29 26 33 9 33 18 33 28 31 28 31 25 23 27 2 8 2 9 33 31 28 31 25 24 27 33 31 32 15 32 30 1 3 0 17 1 13 33 31 33 32 20 33 15 32 23 32 14 32 18 32 8 33 27 23 29 32 33 22 33 9 2 8 
9 33 27 23 32 30 32 20 32 31 28 2 3 7 3 13 3 2 9 2 0 31 0 1 17 1 3 7 2 1 19 33 22 33 27 24 27 23 29 33 23 27 24 25 24 25 23 29 23 25 31 0 10 5 6 0 13 3 0 13 3 0 13 33 26 29 33 26 29 33 29 33 29 32 29 26 33 18 33 9 
21 1 30 1 2 28 2 1 3 7 2 1 19 0 7 0 10 0 11 0 19 1 3 13 33 15 32 8 32 30 33 32 14 33 30 33 20 32 30 1 17 1 17 0 4 6 0 12 3 13 2 27 2 3 13 0 4 10 0 8 33 13 3 0 10 5 10 0 8 32 30 32 8 33 23 29 33 29 26 29 
6 16 5 16 5 0 3 0 2 8 32 18 33 13 3 1 0 2 1 19 1 7 2 3 1 21 0 1 19 1 21 0 4 10 4 0 11 0 2 8 32 23 25 24 25 24 31 25 31 32 15 32 33 8 2 27 24 27 33 30 32 31 24 27 33 18 33 9 2 3 12 3 0 2 28 33 20 33 32 22 
19 1 17 1 3 7 2 27 2 27 23 33 32 33 20 33 9 33 26 33 8 0 1 30 32 18 32 29 23 29 33 29 23 33 27 33 32 31 28 31 33 18 33 28 2 3 12 0 8 0 2 9 33 31 33 13 1 3 13 0 12 3 0 17 0 31 33 31 32 20 33 30 1 19 33 26 33 28 2 9 
11 0 12 0 6 0 2 9 33 22 33 32 30 33 31 0 12 3 13 1 3 0 21 0 12 3 2 7 3 7 2 13 33 23 27 23 32 20 32 29 32 18 33 15 32 29 23 33 15 32 23 29 33 30 32 20 33 30 32 30 1 13 3 13 3 0 10 4 0 19 1 2 32 31 32 18 32 8 32 2 
33 8 32 20 33 20 32 8 0 11 0 11 0 7 0 7 1 30 32 23 27 23 32 29 32 33 19 1 30 1 21 1 2 32 29 32 23 33 26 33 9 33 15 33 8 2 0 12 0 12 3 2 1 0 5 6 0 10 4 0 17 1 3 7 3 2 1 30 33 19 1 7 3 13 1 30 1 7 1 7 
24 27 24 31 24 27 33 9 33 9 33 22 33 23 29 32 29 33 8 32 29 23 32 20 32 2 0 2 8 0 8 0 13 3 13 2 27 2 3 2 3 12 3 0 11 0 4 6 4 10 4 10 0 8 33 18 33 14 33 13 0 10 4 10 0 19 1 30 1 13 1 19 1 19 33 18 32 33 13 0 
26 29 32 8 32 33 14 32 22 33 13 1 17 1 19 0 11 0 1 2 7 3 1 0 12 3 7 3 1 13 33 8 32 22 33 23 25 31 24 27 23 29 23 32 33 27 23 29 23 27 23 29 26 33 23 29 32 30 1 19 0 11 0 13 33 27 23 33 22 32 14 33 31 28 33 30 33 19 33 15 
28 2 0 8 33 18 33 8 0 12 0 1 30 33 22 33 26 33 28 31 28 33 8 32 20 33 19 0 4 0 1 21 1 17 1 3 7 1 3 2 8 0 11 0 31 24 25 23 27 24 31 33 22 32 33 31 28 33 20 32 30 33 13 0 11 0 13 1 19 0 11 0 31 28 33 15 32 8 0 13 
25 23 32 20 32 15 33 26 29 32 30 33 19 1 0 10 0 10 0 21 1 30 1 13 2 0 4 0 8 33 26 33 30 32 23 27 2 27 23 25 31 0 8 0 13 1 0 31 28 31 0 31 25 23 32 18 32 29 33 15 33 13 0 10 5 10 4 10 4 6 0 10 0 12 0 7 2 27 24 31 
2 1 3 0 17 1 17 1 21 0 5 10 0 3 12 3 7 1 19 33 31 24 31 32 18 33 32 18 33 29 26 33 29 32 22 32 2 9 33 9 33 8 32 30 32 33 15 33 31 0 17 1 7 2 0 21 0 1 21 0 19 0 4 10 5 0 10 5 10 5 16 5 6 16 6 16 5 16 5 16 
5 0 13 2 27 23 25 31 33 23 33 31 25 24 31 25 23 33 14 33 18 33 14 32 31 25 31 0 5 6 4 6 5 0 19 33 19 0 6 4 6 4 0 6 4 10 0 31 0 8 0 7 1 3 2 0 3 1 17 0 8 33 15 33 30 33 9 33 13 1 7 0 7 1 30 33 23 32 8 2 
20 33 18 32 22 33 14 33 30 32 33 8 2 7 3 2 7 0 4 10 4 10 5 16 6 5 10 0 5 16 5 10 4 0 8 33 27 2 1 7 1 3 2 7 1 13 1 0 31 0 4 10 5 0 13 0 19 1 21 0 7 2 8 2 0 2 27 33 30 32 8 32 31 28 2 8 32 30 1 13 
32 23 33 31 0 17 1 3 7 3 7 0 8 0 21 0 13 2 0 31 32 31 32 20 32 23 29 26 33 28 33 26 29 23 32 8 0 17 1 17 0 21 0 31 25 31 28 31 28 31 0 31 0 12 0 5 0 11 0 21 0 1 7 1 7 0 2 13 0 5 0 19 33 13 3 13 1 2 27 2 
18 32 33 8 2 13 3 13 0 3 7 3 7 3 13 3 0 5 10 5 10 5 10 0 21 0 12 0 3 1 7 3 12 0 2 7 0 11 0 2 32 22 32 2 9 2 32 31 28 31 28 2 0 11 0 5 10 5 0 12 3 13 3 1 19 1 3 12 0 17 1 2 27 2 27 33 14 32 33 22 
4 0 19 33 28 31 33 31 25 23 29 23 29 26 33 13 1 3 13 1 17 0 4 6 5 10 4 0 21 1 13 1 17 0 17 1 13 2 32 29 32 2 9 2 8 32 29 33 30 33 23 32 15 32 18 33 13 3 2 27 24 31 25 23 29 26 33 19 0 6 5 0 11 0 17 1 30 33 14 33 
22 33 8 2 32 20 33 19 33 22 32 20 33 14 32 29 26 33 20 32 22 32 20 33 27 2 3 2 3 7 1 13 33 15 33 27 23 33 8 0 13 1 13 0 19 1 3 1 30 32 15 33 9 2 1 30 33 22 32 2 32 8 0 10 5 0 19 33 20 33 13 1 19 1 13 3 1 17 1 21 
14 33 29 33 9 33 9 33 9 2 8 33 22 32 33 29 23 27 23 27 23 25 31 0 6 16 6 5 16 6 5 10 4 10 4 6 16 5 10 5 0 21 1 13 33 32 33 8 2 3 13 1 0 3 7 2 27 2 9 33 30 33 30 1 17 0 1 17 0 13 0 3 13 33 22 32 20 32 30 1 
16 6 5 10 0 17 0 31 32 8 32 2 9 33 27 23 27 2 13 0 21 0 5 10 0 11 0 7 2 13 2 1 2 13 33 23 25 23 29 23 33 9 2 0 11 0 10 5 10 4 0 10 5 10 5 16 5 0 3 0 21 1 30 1 21 1 7 0 10 5 10 5 0 5 6 0 1 21 1 7 
